{
 "metadata": {
  "language_info": {
   "codemirror_mode": {
    "name": "ipython",
    "version": 3
   },
   "file_extension": ".py",
   "mimetype": "text/x-python",
   "name": "python",
   "nbconvert_exporter": "python",
   "pygments_lexer": "ipython3",
   "version": "3.8.0"
  },
  "orig_nbformat": 2,
  "kernelspec": {
   "name": "python380jvsc74a57bd0d1135e85b24d6fc36dc6a0cb37a446f4ea6c1d1c5d9ce7e53624fd1bcca00fa0",
   "display_name": "Python 3.8.0 64-bit ('epidemics': conda)"
  }
 },
 "nbformat": 4,
 "nbformat_minor": 2,
 "cells": [
  {
   "cell_type": "code",
   "execution_count": 1,
   "metadata": {},
   "outputs": [],
   "source": [
    "import os\n",
    "import utils\n",
    "import numpy as np\n",
    "import pandas as pd\n",
    "import matplotlib.pyplot as plt\n",
    "import seaborn as sns\n",
    "from collections import defaultdict\n",
    "from functools import partial"
   ]
  },
  {
   "cell_type": "code",
   "execution_count": 2,
   "metadata": {},
   "outputs": [],
   "source": [
    "def read_all_results(dir_path):\n",
    "    paths = os.listdir(dir_path)\n",
    "    last_gens = []\n",
    "    for i in range(len(paths)):\n",
    "        path = dir_path + paths[i]\n",
    "        try:\n",
    "            last_gen = sorted(map(lambda x: x.split(\"_\"), \n",
    "                            os.listdir(f\"{path}/individuals/\")), \n",
    "                            key=lambda x: int(x[1].split(\".\")[0]))[-1][-1][:-4]\n",
    "            print(f\"Path: {paths[i]}, last generation: {int(last_gen)}\")\n",
    "            last_gens.append(int(last_gen))\n",
    "        except:\n",
    "            continue\n",
    "    return paths, last_gens"
   ]
  },
  {
   "cell_type": "code",
   "execution_count": 3,
   "metadata": {},
   "outputs": [
    {
     "output_type": "stream",
     "name": "stdout",
     "text": [
      "Path: GA_2021_06_02_01_48_33, last generation: 24\nPath: GA_2021_06_02_01_49_34, last generation: 18\nPath: GA_2021_06_02_01_45_54, last generation: 23\nPath: GA_2021_06_02_01_49_10, last generation: 51\nPath: GA_2021_06_02_01_49_20, last generation: 17\nPath: GA_2021_06_02_01_45_41, last generation: 31\nPath: GA_2021_06_02_01_48_43, last generation: 37\nPath: GA_2021_06_02_01_48_23, last generation: 13\n"
     ]
    }
   ],
   "source": [
    "dir_path = \"results/\"\n",
    "paths, last_gens = read_all_results(dir_path)"
   ]
  },
  {
   "cell_type": "code",
   "execution_count": 65,
   "metadata": {},
   "outputs": [
    {
     "output_type": "stream",
     "name": "stdout",
     "text": [
      "{\n    \"objective\": \"infected\",\n    \"simulations\": 15,\n    \"process\": {\n        \"horizon\": 74,\n        \"decision_period\": 28,\n        \"policy\": \"weighted\"\n    },\n    \"population_size\": 30,\n    \"random_individuals\": false,\n    \"min_generations\": 30\n}\n"
     ]
    }
   ],
   "source": [
    "run = -1\n",
    "path = dir_path + paths[run]\n",
    "with open(dir_path + paths[run] + \"/run_params.json\", \"r\") as file:\n",
    "    print(file.read())\n",
    "    file.close()"
   ]
  },
  {
   "source": [
    "## Individual results"
   ],
   "cell_type": "markdown",
   "metadata": {}
  },
  {
   "cell_type": "code",
   "execution_count": 61,
   "metadata": {},
   "outputs": [],
   "source": [
    "gen = 51\n",
    "individuals_path =  f\"{path}/individuals/individuals_{gen}.pkl\"\n",
    "individuals = utils.read_pickle(individuals_path)"
   ]
  },
  {
   "cell_type": "code",
   "execution_count": 62,
   "metadata": {
    "tags": []
   },
   "outputs": [
    {
     "output_type": "stream",
     "name": "stdout",
     "text": [
      "Strategy_count:\n\u001b[1m#   U    D    N    \u001b[0m\n1 | 15   15   15   \n2 | 8    14   15   \n3 | 4    9    15   \n4 | 2    1    12   \n5 | 0    1    3    \n6 | 0    0    0    \n\n\u001b[1m1st place:\u001b[0m\nID: gen_0_003\nScore: 2579.201\nGenes:\n[[[0.047 0.198 0.209 0.494 0.052]\n  [0.127 0.378 0.22  0.05  0.224]\n  [0.071 0.045 0.229 0.361 0.293]]\n\n [[0.052 0.244 0.244 0.378 0.081]\n  [0.252 0.204 0.255 0.177 0.111]\n  [0.058 0.075 0.234 0.308 0.325]]\n\n [[0.01  0.229 0.29  0.223 0.248]\n  [0.299 0.308 0.137 0.066 0.19 ]\n  [0.286 0.353 0.035 0.267 0.059]]]\n\n\u001b[1m2nd place:\u001b[0m\nID: gen_29_011\nScore: 2593.588\nGenes:\n[[[0.224 0.118 0.177 0.434 0.046]\n  [0.264 0.213 0.171 0.178 0.174]\n  [0.206 0.132 0.172 0.27  0.22 ]]\n\n [[0.316 0.055 0.338 0.239 0.052]\n  [0.252 0.082 0.313 0.217 0.136]\n  [0.13  0.222 0.175 0.23  0.243]]\n\n [[0.171 0.254 0.181 0.186 0.208]\n  [0.338 0.066 0.208 0.101 0.287]\n  [0.086 0.592 0.031 0.238 0.052]]]\n\n\u001b[1m3rd place:\u001b[0m\nID: gen_42_010\nScore: 2597.521\nGenes:\n[[[0.152 0.165 0.198 0.389 0.096]\n  [0.16  0.336 0.239 0.047 0.218]\n  [0.113 0.072 0.221 0.317 0.277]]\n\n [[0.133 0.2   0.284 0.285 0.098]\n  [0.251 0.185 0.255 0.212 0.097]\n  [0.083 0.123 0.182 0.286 0.326]]\n\n [[0.058 0.247 0.271 0.186 0.239]\n  [0.283 0.243 0.145 0.108 0.221]\n  [0.244 0.465 0.031 0.2   0.061]]]\n\n\u001b[1m4th place:\u001b[0m\nID: gen_0_034\nScore: 2599.927\nGenes:\n[[[0.218 0.114 0.223 0.188 0.256]\n  [0.26  0.209 0.296 0.036 0.2  ]\n  [0.236 0.152 0.197 0.187 0.229]]\n\n [[0.377 0.065 0.403 0.006 0.149]\n  [0.172 0.073 0.18  0.253 0.322]\n  [0.158 0.27  0.028 0.218 0.326]]\n\n [[0.202 0.3   0.213 0.075 0.21 ]\n  [0.237 0.047 0.167 0.233 0.315]\n  [0.117 0.8   0.017 0.    0.067]]]\n\n\u001b[1m5th place:\u001b[0m\nID: gen_10_002\nScore: 2600.098\nGenes:\n[[[0.186 0.169 0.179 0.422 0.045]\n  [0.198 0.289 0.168 0.175 0.171]\n  [0.203 0.039 0.197 0.31  0.252]]\n\n [[0.284 0.185 0.185 0.285 0.062]\n  [0.187 0.222 0.277 0.193 0.121]\n  [0.144 0.068 0.213 0.28  0.296]]\n\n [[0.2   0.05  0.286 0.22  0.245]\n  [0.253 0.328 0.146 0.071 0.202]\n  [0.14  0.425 0.043 0.321 0.071]]]\n\n\u001b[1m6th place:\u001b[0m\nID: gen_14_005\nScore: 2606.47\nGenes:\n[[[0.089 0.177 0.213 0.418 0.103]\n  [0.16  0.336 0.239 0.047 0.218]\n  [0.113 0.072 0.221 0.317 0.277]]\n\n [[0.133 0.2   0.284 0.285 0.098]\n  [0.232 0.171 0.236 0.196 0.164]\n  [0.083 0.123 0.182 0.286 0.326]]\n\n [[0.058 0.247 0.271 0.186 0.239]\n  [0.283 0.243 0.145 0.108 0.221]\n  [0.244 0.465 0.031 0.2   0.061]]]\n\n\u001b[1m7th place:\u001b[0m\nID: gen_17_007\nScore: 2608.147\nGenes:\n[[[0.185 0.167 0.177 0.419 0.052]\n  [0.188 0.274 0.159 0.166 0.213]\n  [0.172 0.036 0.183 0.336 0.273]]\n\n [[0.274 0.178 0.195 0.275 0.078]\n  [0.189 0.224 0.28  0.194 0.112]\n  [0.136 0.064 0.201 0.292 0.308]]\n\n [[0.199 0.049 0.285 0.219 0.248]\n  [0.256 0.332 0.148 0.072 0.192]\n  [0.151 0.455 0.046 0.286 0.063]]]\n\n\u001b[1m8th place:\u001b[0m\nID: gen_45_013\nScore: 2609.966\nGenes:\n[[[0.182 0.171 0.181 0.397 0.069]\n  [0.212 0.274 0.205 0.112 0.196]\n  [0.159 0.102 0.196 0.294 0.248]]\n\n [[0.225 0.127 0.311 0.262 0.075]\n  [0.251 0.134 0.284 0.214 0.116]\n  [0.106 0.173 0.179 0.258 0.284]]\n\n [[0.115 0.25  0.226 0.186 0.223]\n  [0.322 0.16  0.146 0.108 0.263]\n  [0.165 0.528 0.031 0.219 0.057]]]\n\n\u001b[1m9th place:\u001b[0m\nID: gen_34_009\nScore: 2611.709\nGenes:\n[[[0.175 0.135 0.22  0.265 0.205]\n  [0.227 0.251 0.277 0.039 0.206]\n  [0.197 0.126 0.207 0.222 0.248]]\n\n [[0.295 0.11  0.363 0.099 0.132]\n  [0.192 0.106 0.199 0.234 0.269]\n  [0.133 0.221 0.08  0.24  0.326]]\n\n [[0.152 0.279 0.23  0.111 0.228]\n  [0.253 0.112 0.16  0.192 0.284]\n  [0.159 0.688 0.021 0.067 0.065]]]\n\n\u001b[1m10th place:\u001b[0m\nID: gen_1_006\nScore: 2615.54\nGenes:\n[[[0.047 0.198 0.209 0.494 0.052]\n  [0.127 0.378 0.22  0.05  0.224]\n  [0.07  0.109 0.224 0.353 0.245]]\n\n [[0.052 0.244 0.244 0.378 0.081]\n  [0.27  0.219 0.273 0.19  0.048]\n  [0.068 0.087 0.274 0.361 0.21 ]]\n\n [[0.01  0.229 0.29  0.223 0.248]\n  [0.299 0.308 0.137 0.066 0.19 ]\n  [0.232 0.286 0.029 0.216 0.238]]]\n\n\u001b[1m11th place:\u001b[0m\nID: gen_19_004\nScore: 2620.89\nGenes:\n[[[0.175 0.135 0.22  0.265 0.205]\n  [0.227 0.251 0.277 0.039 0.206]\n  [0.185 0.119 0.195 0.268 0.233]]\n\n [[0.295 0.11  0.363 0.099 0.132]\n  [0.192 0.106 0.199 0.234 0.269]\n  [0.133 0.221 0.08  0.24  0.326]]\n\n [[0.163 0.243 0.245 0.118 0.231]\n  [0.253 0.112 0.16  0.192 0.284]\n  [0.159 0.688 0.021 0.067 0.065]]]\n\n\u001b[1m12th place:\u001b[0m\nID: gen_0_041\nScore: 2622.788\nGenes:\n[[[0.219 0.295 0.163 0.302 0.021]\n  [0.205 0.02  0.417 0.311 0.046]\n  [0.354 0.163 0.133 0.099 0.251]]\n\n [[0.    0.073 0.185 0.416 0.326]\n  [0.204 0.047 0.408 0.058 0.283]\n  [0.346 0.08  0.062 0.333 0.179]]\n\n [[0.169 0.267 0.016 0.238 0.309]\n  [0.123 0.254 0.344 0.214 0.065]\n  [0.11  0.237 0.258 0.1   0.294]]]\n\n\u001b[1m13th place:\u001b[0m\nID: gen_11_015\nScore: 2624.423\nGenes:\n[[[0.21  0.128 0.212 0.246 0.203]\n  [0.287 0.094 0.31  0.083 0.226]\n  [0.228 0.123 0.197 0.217 0.235]]\n\n [[0.354 0.095 0.348 0.076 0.127]\n  [0.176 0.11  0.204 0.238 0.272]\n  [0.154 0.22  0.074 0.233 0.319]]\n\n [[0.202 0.237 0.232 0.111 0.219]\n  [0.241 0.117 0.162 0.193 0.287]\n  [0.107 0.615 0.02  0.199 0.059]]]\n\n\u001b[1m14th place:\u001b[0m\nID: gen_27_004\nScore: 2625.571\nGenes:\n[[[0.175 0.135 0.22  0.265 0.205]\n  [0.263 0.13  0.322 0.046 0.239]\n  [0.195 0.125 0.205 0.23  0.245]]\n\n [[0.295 0.11  0.363 0.099 0.132]\n  [0.192 0.106 0.199 0.234 0.269]\n  [0.133 0.221 0.08  0.24  0.326]]\n\n [[0.135 0.247 0.204 0.221 0.193]\n  [0.253 0.112 0.16  0.192 0.284]\n  [0.159 0.688 0.021 0.067 0.065]]]\n\n\u001b[1m15th place:\u001b[0m\nID: gen_22_010\nScore: 2626.626\nGenes:\n[[[0.081 0.19  0.202 0.476 0.05 ]\n  [0.145 0.356 0.207 0.081 0.211]\n  [0.104 0.044 0.221 0.348 0.283]]\n\n [[0.11  0.229 0.229 0.355 0.076]\n  [0.236 0.209 0.261 0.181 0.114]\n  [0.079 0.073 0.229 0.301 0.318]]\n\n [[0.057 0.184 0.289 0.222 0.248]\n  [0.287 0.313 0.14  0.067 0.193]\n  [0.25  0.371 0.037 0.28  0.062]]]\n\n\u001b[1m16th place:\u001b[0m\nID: gen_40_013\nScore: 2628.555\nGenes:\n[[[0.266 0.139 0.241 0.173 0.181]\n  [0.262 0.211 0.233 0.107 0.187]\n  [0.221 0.142 0.184 0.228 0.224]]\n\n [[0.346 0.06  0.37  0.123 0.101]\n  [0.212 0.077 0.246 0.235 0.229]\n  [0.267 0.211 0.087 0.192 0.244]]\n\n [[0.187 0.277 0.197 0.13  0.209]\n  [0.287 0.057 0.188 0.167 0.301]\n  [0.102 0.696 0.024 0.119 0.06 ]]]\n\n\u001b[1m17th place:\u001b[0m\nID: gen_2_005\nScore: 2629.802\nGenes:\n[[[0.089 0.177 0.213 0.418 0.103]\n  [0.16  0.336 0.239 0.047 0.218]\n  [0.106 0.068 0.267 0.299 0.261]]\n\n [[0.133 0.2   0.284 0.285 0.098]\n  [0.232 0.171 0.236 0.196 0.164]\n  [0.083 0.123 0.182 0.286 0.326]]\n\n [[0.058 0.247 0.271 0.186 0.239]\n  [0.236 0.259 0.155 0.115 0.236]\n  [0.244 0.465 0.031 0.2   0.061]]]\n\n\u001b[1m18th place:\u001b[0m\nID: gen_0_032\nScore: 2629.971\nGenes:\n[[[0.143 0.16  0.211 0.203 0.283]\n  [0.287 0.004 0.113 0.331 0.265]\n  [0.131 0.497 0.06  0.201 0.111]]\n\n [[0.271 0.031 0.172 0.243 0.283]\n  [0.099 0.272 0.152 0.461 0.016]\n  [0.139 0.098 0.209 0.189 0.365]]\n\n [[0.094 0.348 0.387 0.006 0.166]\n  [0.362 0.008 0.28  0.089 0.26 ]\n  [0.15  0.077 0.397 0.36  0.016]]]\n\n\u001b[1m19th place:\u001b[0m\nID: gen_26_009\nScore: 2631.061\nGenes:\n[[[0.151 0.176 0.186 0.44  0.047]\n  [0.18  0.311 0.181 0.144 0.184]\n  [0.17  0.04  0.205 0.323 0.262]]\n\n [[0.226 0.199 0.199 0.308 0.066]\n  [0.231 0.247 0.173 0.214 0.134]\n  [0.122 0.069 0.218 0.287 0.303]]\n\n [[0.243 0.084 0.257 0.197 0.22 ]\n  [0.264 0.323 0.144 0.07  0.199]\n  [0.177 0.407 0.041 0.308 0.068]]]\n\n\u001b[1m20th place:\u001b[0m\nID: gen_12_011\nScore: 2632.671\nGenes:\n[[[0.218 0.114 0.223 0.188 0.256]\n  [0.268 0.215 0.304 0.037 0.176]\n  [0.172 0.033 0.319 0.263 0.213]]\n\n [[0.24  0.079 0.491 0.008 0.182]\n  [0.216 0.091 0.225 0.317 0.151]\n  [0.144 0.068 0.213 0.28  0.296]]\n\n [[0.202 0.3   0.213 0.075 0.21 ]\n  [0.268 0.053 0.189 0.263 0.228]\n  [0.14  0.425 0.043 0.321 0.071]]]\n\n\u001b[1m21st place:\u001b[0m\nID: gen_48_013\nScore: 2634.427\nGenes:\n[[[0.172 0.129 0.259 0.375 0.065]\n  [0.212 0.274 0.205 0.112 0.196]\n  [0.159 0.102 0.196 0.294 0.248]]\n\n [[0.225 0.127 0.311 0.262 0.075]\n  [0.251 0.134 0.284 0.214 0.116]\n  [0.118 0.191 0.198 0.286 0.208]]\n\n [[0.115 0.25  0.226 0.186 0.223]\n  [0.31  0.155 0.177 0.104 0.254]\n  [0.165 0.528 0.031 0.219 0.057]]]\n\n\u001b[1m22nd place:\u001b[0m\nID: gen_49_006\nScore: 2635.657\nGenes:\n[[[0.063 0.269 0.285 0.252 0.131]\n  [0.16  0.336 0.239 0.047 0.218]\n  [0.113 0.072 0.221 0.317 0.277]]\n\n [[0.056 0.265 0.265 0.308 0.107]\n  [0.209 0.323 0.212 0.176 0.08 ]\n  [0.083 0.123 0.182 0.286 0.326]]\n\n [[0.01  0.24  0.305 0.195 0.25 ]\n  [0.283 0.243 0.145 0.108 0.221]\n  [0.244 0.465 0.031 0.2   0.061]]]\n\n\u001b[1m23rd place:\u001b[0m\nID: gen_50_014\nScore: 2639.464\nGenes:\n[[[0.17  0.153 0.193 0.4   0.084]\n  [0.186 0.305 0.222 0.079 0.207]\n  [0.136 0.087 0.209 0.306 0.263]]\n\n [[0.16  0.146 0.266 0.245 0.183]\n  [0.251 0.159 0.27  0.213 0.106]\n  [0.094 0.148 0.181 0.272 0.305]]\n\n [[0.086 0.248 0.249 0.186 0.231]\n  [0.297 0.199 0.161 0.106 0.238]\n  [0.098 0.563 0.035 0.237 0.067]]]\n\n\u001b[1m24th place:\u001b[0m\nID: gen_32_007\nScore: 2640.331\nGenes:\n[[[0.218 0.114 0.223 0.188 0.256]\n  [0.27  0.217 0.229 0.052 0.233]\n  [0.071 0.045 0.229 0.361 0.293]]\n\n [[0.377 0.065 0.403 0.006 0.149]\n  [0.219 0.092 0.324 0.225 0.141]\n  [0.058 0.075 0.234 0.308 0.325]]\n\n [[0.202 0.3   0.213 0.075 0.21 ]\n  [0.35  0.069 0.203 0.098 0.28 ]\n  [0.286 0.353 0.035 0.267 0.059]]]\n\n\u001b[1m25th place:\u001b[0m\nID: gen_31_002\nScore: 2641.692\nGenes:\n[[[0.224 0.118 0.177 0.434 0.046]\n  [0.25  0.201 0.161 0.168 0.221]\n  [0.071 0.045 0.229 0.361 0.293]]\n\n [[0.316 0.055 0.338 0.239 0.052]\n  [0.252 0.082 0.313 0.217 0.136]\n  [0.061 0.079 0.185 0.328 0.346]]\n\n [[0.171 0.254 0.181 0.186 0.208]\n  [0.338 0.066 0.208 0.101 0.287]\n  [0.286 0.353 0.035 0.267 0.059]]]\n\n\u001b[1m26th place:\u001b[0m\nID: gen_0_021\nScore: 2643.033\nGenes:\n[[[0.    0.291 0.339 0.367 0.004]\n  [0.307 0.083 0.148 0.293 0.169]\n  [0.252 0.116 0.275 0.122 0.235]]\n\n [[0.293 0.17  0.063 0.27  0.203]\n  [0.106 0.53  0.099 0.166 0.099]\n  [0.    0.272 0.231 0.31  0.187]]\n\n [[0.213 0.008 0.27  0.262 0.246]\n  [0.396 0.121 0.203 0.011 0.269]\n  [0.012 0.269 0.266 0.197 0.256]]]\n\n\u001b[1m27th place:\u001b[0m\nID: gen_47_012\nScore: 2643.043\nGenes:\n[[[0.164 0.127 0.191 0.468 0.05 ]\n  [0.264 0.213 0.171 0.178 0.174]\n  [0.206 0.132 0.172 0.27  0.22 ]]\n\n [[0.163 0.067 0.414 0.293 0.063]\n  [0.241 0.083 0.317 0.22  0.138]\n  [0.13  0.222 0.175 0.23  0.243]]\n\n [[0.065 0.286 0.204 0.21  0.234]\n  [0.338 0.066 0.208 0.101 0.287]\n  [0.085 0.584 0.031 0.248 0.052]]]\n\n\u001b[1m28th place:\u001b[0m\nID: gen_15_003\nScore: 2643.294\nGenes:\n[[[0.132 0.156 0.216 0.341 0.154]\n  [0.194 0.294 0.258 0.043 0.212]\n  [0.154 0.098 0.213 0.274 0.261]]\n\n [[0.214 0.155 0.324 0.192 0.115]\n  [0.212 0.139 0.218 0.215 0.216]\n  [0.108 0.172 0.131 0.263 0.326]]\n\n [[0.106 0.264 0.252 0.149 0.229]\n  [0.268 0.177 0.152 0.15  0.252]\n  [0.201 0.576 0.026 0.133 0.063]]]\n\n\u001b[1m29th place:\u001b[0m\nID: gen_30_012\nScore: 2644.366\nGenes:\n[[[0.219 0.119 0.179 0.437 0.046]\n  [0.253 0.208 0.167 0.203 0.17 ]\n  [0.229 0.128 0.167 0.262 0.213]]\n\n [[0.355 0.051 0.319 0.226 0.049]\n  [0.187 0.089 0.34  0.236 0.148]\n  [0.154 0.216 0.17  0.224 0.236]]\n\n [[0.202 0.254 0.181 0.186 0.178]\n  [0.264 0.074 0.231 0.112 0.319]\n  [0.113 0.575 0.031 0.231 0.051]]]\n\n\u001b[1m30th place:\u001b[0m\nID: gen_25_014\nScore: 2644.449\nGenes:\n[[[0.194 0.155 0.19  0.363 0.098]\n  [0.213 0.269 0.2   0.14  0.178]\n  [0.211 0.067 0.197 0.279 0.246]]\n\n [[0.297 0.15  0.231 0.241 0.081]\n  [0.184 0.185 0.253 0.208 0.171]\n  [0.147 0.118 0.166 0.265 0.303]]\n\n [[0.2   0.112 0.268 0.183 0.236]\n  [0.223 0.267 0.157 0.115 0.238]\n  [0.135 0.519 0.036 0.241 0.07 ]]]\n\n\u001b[1m31st place:\u001b[0m\nID: gen_18_015\nScore: 2644.739\nGenes:\n[[[0.21  0.128 0.212 0.246 0.203]\n  [0.244 0.229 0.264 0.071 0.193]\n  [0.228 0.123 0.197 0.217 0.235]]\n\n [[0.338 0.091 0.333 0.117 0.122]\n  [0.176 0.11  0.204 0.238 0.272]\n  [0.154 0.22  0.074 0.233 0.319]]\n\n [[0.202 0.237 0.232 0.111 0.219]\n  [0.241 0.117 0.162 0.193 0.287]\n  [0.08  0.741 0.024 0.084 0.071]]]\n\n\u001b[1m32nd place:\u001b[0m\nID: gen_3_010\nScore: 2644.918\nGenes:\n[[[0.047 0.198 0.209 0.494 0.052]\n  [0.127 0.378 0.22  0.05  0.224]\n  [0.071 0.061 0.228 0.359 0.281]]\n\n [[0.052 0.244 0.244 0.378 0.081]\n  [0.301 0.244 0.304 0.039 0.112]\n  [0.06  0.078 0.244 0.322 0.296]]\n\n [[0.01  0.229 0.29  0.223 0.248]\n  [0.299 0.308 0.137 0.066 0.19 ]\n  [0.238 0.293 0.157 0.221 0.09 ]]]\n\n\u001b[1m33rd place:\u001b[0m\nID: gen_24_002\nScore: 2644.991\nGenes:\n[[[0.2   0.105 0.192 0.454 0.048]\n  [0.127 0.378 0.22  0.05  0.224]\n  [0.071 0.045 0.229 0.361 0.293]]\n\n [[0.328 0.058 0.213 0.329 0.071]\n  [0.252 0.204 0.255 0.177 0.111]\n  [0.058 0.075 0.234 0.308 0.325]]\n\n [[0.16  0.237 0.23  0.176 0.197]\n  [0.299 0.308 0.138 0.065 0.19 ]\n  [0.286 0.353 0.035 0.267 0.059]]]\n\n\u001b[1m34th place:\u001b[0m\nID: gen_51_005\nScore: 2645.828\nGenes:\n[[[0.091 0.178 0.201 0.479 0.051]\n  [0.162 0.337 0.208 0.082 0.211]\n  [0.092 0.186 0.187 0.295 0.24 ]]\n\n [[0.118 0.197 0.268 0.343 0.074]\n  [0.252 0.174 0.27  0.187 0.117]\n  [0.076 0.111 0.219 0.289 0.305]]\n\n [[0.059 0.276 0.308 0.078 0.279]\n  [0.308 0.248 0.155 0.075 0.214]\n  [0.236 0.413 0.034 0.259 0.057]]]\n\n\u001b[1m35th place:\u001b[0m\nID: gen_0_019\nScore: 2646.056\nGenes:\n[[[0.191 0.335 0.165 0.243 0.066]\n  [0.068 0.358 0.384 0.011 0.179]\n  [0.03  0.161 0.362 0.286 0.161]]\n\n [[0.45  0.081 0.047 0.1   0.322]\n  [0.311 0.081 0.041 0.128 0.439]\n  [0.258 0.183 0.254 0.187 0.119]]\n\n [[0.247 0.069 0.156 0.36  0.167]\n  [0.189 0.167 0.234 0.231 0.179]\n  [0.259 0.072 0.014 0.079 0.576]]]\n\n\u001b[1m36th place:\u001b[0m\nID: gen_43_015\nScore: 2646.339\nGenes:\n[[[0.182 0.133 0.188 0.436 0.06 ]\n  [0.238 0.244 0.188 0.145 0.185]\n  [0.183 0.117 0.184 0.282 0.234]]\n\n [[0.27  0.091 0.325 0.251 0.063]\n  [0.252 0.108 0.298 0.216 0.126]\n  [0.115 0.192 0.2   0.237 0.256]]\n\n [[0.143 0.252 0.203 0.186 0.215]\n  [0.324 0.11  0.192 0.102 0.271]\n  [0.126 0.56  0.031 0.228 0.055]]]\n\n\u001b[1m37th place:\u001b[0m\nID: gen_41_008\nScore: 2646.96\nGenes:\n[[[0.132 0.156 0.216 0.341 0.154]\n  [0.194 0.294 0.258 0.043 0.212]\n  [0.154 0.098 0.213 0.274 0.261]]\n\n [[0.214 0.155 0.324 0.192 0.115]\n  [0.159 0.148 0.232 0.23  0.231]\n  [0.108 0.172 0.131 0.263 0.326]]\n\n [[0.1   0.249 0.237 0.2   0.215]\n  [0.268 0.177 0.152 0.15  0.252]\n  [0.201 0.576 0.026 0.133 0.063]]]\n\n\u001b[1m38th place:\u001b[0m\nID: gen_0_007\nScore: 2647.679\nGenes:\n[[[0.15  0.233 0.197 0.169 0.25 ]\n  [0.056 0.162 0.274 0.296 0.212]\n  [0.038 0.272 0.212 0.212 0.267]]\n\n [[0.196 0.03  0.221 0.126 0.427]\n  [0.38  0.155 0.016 0.345 0.105]\n  [0.225 0.216 0.432 0.    0.127]]\n\n [[0.418 0.287 0.034 0.114 0.148]\n  [0.211 0.118 0.262 0.254 0.154]\n  [0.233 0.177 0.262 0.274 0.054]]]\n\n\u001b[1m39th place:\u001b[0m\nID: gen_38_002\nScore: 2647.914\nGenes:\n[[[0.21  0.11  0.166 0.463 0.049]\n  [0.272 0.219 0.227 0.052 0.231]\n  [0.169 0.108 0.188 0.295 0.24 ]]\n\n [[0.275 0.031 0.294 0.329 0.071]\n  [0.287 0.094 0.291 0.202 0.127]\n  [0.106 0.182 0.192 0.253 0.267]]\n\n [[0.159 0.236 0.168 0.207 0.231]\n  [0.423 0.083 0.172 0.083 0.238]\n  [0.082 0.559 0.052 0.252 0.056]]]\n\n\u001b[1m40th place:\u001b[0m\nID: gen_37_012\nScore: 2649.031\nGenes:\n[[[0.218 0.114 0.223 0.188 0.256]\n  [0.264 0.213 0.171 0.178 0.174]\n  [0.206 0.132 0.172 0.27  0.22 ]]\n\n [[0.377 0.065 0.403 0.006 0.149]\n  [0.252 0.082 0.313 0.217 0.136]\n  [0.126 0.216 0.197 0.224 0.237]]\n\n [[0.18  0.308 0.22  0.077 0.216]\n  [0.338 0.066 0.208 0.101 0.287]\n  [0.086 0.592 0.031 0.238 0.052]]]\n\n\u001b[1m41st place:\u001b[0m\nID: gen_5_012\nScore: 2650.471\nGenes:\n[[[0.047 0.198 0.209 0.494 0.052]\n  [0.161 0.477 0.278 0.063 0.021]\n  [0.236 0.152 0.197 0.187 0.229]]\n\n [[0.052 0.244 0.244 0.378 0.081]\n  [0.212 0.172 0.215 0.149 0.253]\n  [0.158 0.27  0.028 0.218 0.326]]\n\n [[0.01  0.229 0.29  0.223 0.248]\n  [0.265 0.274 0.122 0.059 0.28 ]\n  [0.099 0.676 0.169 0.    0.056]]]\n\n\u001b[1m42nd place:\u001b[0m\nID: gen_13_008\nScore: 2650.802\nGenes:\n[[[0.093 0.147 0.156 0.368 0.236]\n  [0.163 0.333 0.194 0.112 0.197]\n  [0.137 0.042 0.213 0.335 0.272]]\n\n [[0.168 0.214 0.214 0.331 0.071]\n  [0.22  0.213 0.266 0.185 0.116]\n  [0.133 0.094 0.296 0.064 0.412]]\n\n [[0.105 0.139 0.288 0.221 0.247]\n  [0.276 0.318 0.142 0.069 0.196]\n  [0.213 0.389 0.039 0.294 0.065]]]\n\n\u001b[1m43rd place:\u001b[0m\nID: gen_0_039\nScore: 2652.918\nGenes:\n[[[0.298 0.131 0.108 0.157 0.305]\n  [0.004 0.301 0.126 0.268 0.301]\n  [0.382 0.062 0.12  0.34  0.095]]\n\n [[0.104 0.218 0.399 0.036 0.244]\n  [0.538 0.076 0.168 0.042 0.176]\n  [0.191 0.458 0.153 0.16  0.038]]\n\n [[0.129 0.232 0.256 0.135 0.248]\n  [0.27  0.041 0.336 0.348 0.004]\n  [0.28  0.193 0.28  0.15  0.097]]]\n\n\u001b[1m44th place:\u001b[0m\nID: gen_16_005\nScore: 2655.59\nGenes:\n[[[0.089 0.177 0.213 0.418 0.103]\n  [0.148 0.309 0.22  0.122 0.201]\n  [0.113 0.072 0.221 0.317 0.277]]\n\n [[0.051 0.218 0.311 0.312 0.108]\n  [0.232 0.171 0.236 0.196 0.164]\n  [0.083 0.123 0.182 0.286 0.326]]\n\n [[0.058 0.247 0.271 0.186 0.239]\n  [0.283 0.243 0.145 0.108 0.221]\n  [0.244 0.465 0.031 0.2   0.061]]]\n\n\u001b[1m45th place:\u001b[0m\nID: gen_0_009\nScore: 2655.646\nGenes:\n[[[0.322 0.296 0.074 0.096 0.213]\n  [0.345 0.246 0.268 0.053 0.088]\n  [0.404 0.005 0.346 0.024 0.221]]\n\n [[0.265 0.169 0.27  0.106 0.19 ]\n  [0.712 0.144 0.009 0.117 0.018]\n  [0.241 0.105 0.019 0.556 0.08 ]]\n\n [[0.168 0.092 0.368 0.351 0.022]\n  [0.009 0.023 0.45  0.405 0.114]\n  [0.273 0.256 0.164 0.284 0.023]]]\n\n\u001b[1m46th place:\u001b[0m\nID: gen_4_010\nScore: 2656.497\nGenes:\n[[[0.037 0.156 0.165 0.389 0.253]\n  [0.127 0.378 0.22  0.05  0.224]\n  [0.071 0.061 0.228 0.359 0.281]]\n\n [[0.052 0.244 0.244 0.378 0.081]\n  [0.257 0.208 0.26  0.18  0.095]\n  [0.082 0.106 0.334 0.072 0.406]]\n\n [[0.01  0.229 0.29  0.223 0.248]\n  [0.299 0.308 0.137 0.066 0.19 ]\n  [0.273 0.336 0.034 0.254 0.104]]]\n\n\u001b[1m47th place:\u001b[0m\nID: gen_28_012\nScore: 2656.693\nGenes:\n[[[0.186 0.169 0.179 0.422 0.045]\n  [0.198 0.289 0.168 0.175 0.171]\n  [0.208 0.04  0.201 0.317 0.234]]\n\n [[0.284 0.185 0.185 0.285 0.062]\n  [0.187 0.222 0.277 0.193 0.121]\n  [0.139 0.066 0.206 0.272 0.317]]\n\n [[0.2   0.05  0.286 0.22  0.245]\n  [0.253 0.328 0.146 0.071 0.202]\n  [0.141 0.427 0.043 0.322 0.067]]]\n\n\u001b[1m48th place:\u001b[0m\nID: gen_36_011\nScore: 2656.912\nGenes:\n[[[0.224 0.118 0.177 0.434 0.046]\n  [0.298 0.239 0.192 0.075 0.196]\n  [0.204 0.131 0.17  0.268 0.227]]\n\n [[0.316 0.055 0.338 0.239 0.052]\n  [0.252 0.082 0.313 0.217 0.136]\n  [0.12  0.205 0.161 0.213 0.301]]\n\n [[0.171 0.254 0.181 0.186 0.208]\n  [0.338 0.066 0.208 0.101 0.287]\n  [0.077 0.526 0.028 0.211 0.158]]]\n\n\u001b[1m49th place:\u001b[0m\nID: gen_21_005\nScore: 2657.157\nGenes:\n[[[0.089 0.177 0.213 0.418 0.103]\n  [0.16  0.336 0.239 0.047 0.218]\n  [0.113 0.072 0.221 0.317 0.277]]\n\n [[0.142 0.213 0.303 0.236 0.105]\n  [0.232 0.171 0.236 0.196 0.164]\n  [0.083 0.123 0.182 0.286 0.326]]\n\n [[0.058 0.247 0.271 0.186 0.239]\n  [0.266 0.228 0.136 0.102 0.268]\n  [0.244 0.465 0.031 0.2   0.061]]]\n\n\u001b[1m50th place:\u001b[0m\nID: gen_0_047\nScore: 2657.276\nGenes:\n[[[0.574 0.093 0.037 0.265 0.031]\n  [0.067 0.301 0.151 0.197 0.285]\n  [0.107 0.066 0.116 0.331 0.38 ]]\n\n [[0.234 0.16  0.064 0.468 0.074]\n  [0.534 0.014 0.101 0.054 0.297]\n  [0.048 0.633 0.061 0.129 0.129]]\n\n [[0.222 0.357 0.188 0.068 0.165]\n  [0.23  0.374 0.255 0.128 0.012]\n  [0.098 0.067 0.44  0.089 0.307]]]\n\n\u001b[1m51st place:\u001b[0m\nID: gen_7_010\nScore: 2657.521\nGenes:\n[[[0.055 0.232 0.071 0.581 0.062]\n  [0.127 0.378 0.22  0.05  0.224]\n  [0.071 0.061 0.228 0.359 0.281]]\n\n [[0.052 0.244 0.244 0.378 0.081]\n  [0.257 0.208 0.26  0.18  0.095]\n  [0.182 0.068 0.212 0.28  0.258]]\n\n [[0.01  0.229 0.29  0.223 0.248]\n  [0.299 0.308 0.137 0.066 0.19 ]\n  [0.273 0.336 0.034 0.254 0.104]]]\n\n"
     ]
    }
   ],
   "source": [
    "ordinal = lambda n: \"%d%s\" % (n,\"tsnrhtdd\"[(n//10%10!=1)*(n%10<4)*n%10::4])\n",
    "print(\"Strategy_count:\")\n",
    "print(f\"{utils.tcolors.BOLD}{'#':<3} {'U':<5}{'D':<5}{'N':<5}{utils.tcolors.ENDC}\")\n",
    "for trend_count in range(6):\n",
    "    strategy_count = individuals[0].strategy_count\n",
    "    print(f\"{trend_count+1:<2}| {strategy_count['U'][trend_count]:<5}{strategy_count['D'][trend_count]:<5}{strategy_count['N'][trend_count]:<5}\")\n",
    "print()\n",
    "for ix, i in enumerate(sorted(individuals, key=lambda x: x.mean_score)):\n",
    "    print(f\"{utils.tcolors.BOLD}{ordinal(ix+1)} place:{utils.tcolors.ENDC}\")\n",
    "    print(f\"ID: {i.ID}\")\n",
    "    print(f\"Score: {np.round(i.mean_score, 3)}\")\n",
    "    print(f\"Genes:\\n{np.round(i.genes, 3)}\")\n",
    "    print()"
   ]
  },
  {
   "cell_type": "code",
   "execution_count": 8,
   "metadata": {},
   "outputs": [
    {
     "output_type": "stream",
     "name": "stdout",
     "text": [
      "[0.13351274 0.22604676 0.20615092 0.25825655 0.17603303]\n"
     ]
    }
   ],
   "source": [
    "genes = np.sum(individuals[0].genes, axis=(0,1))\n",
    "norm = np.sum(genes)\n",
    "norm_genes = np.divide(genes, norm)\n",
    "print(norm_genes)"
   ]
  },
  {
   "source": [
    "## Generation Means"
   ],
   "cell_type": "markdown",
   "metadata": {}
  },
  {
   "cell_type": "code",
   "execution_count": 76,
   "metadata": {},
   "outputs": [
    {
     "output_type": "stream",
     "name": "stdout",
     "text": [
      "6 gen_2_001 deaths\n6 gen_2_001 infected\n6 gen_2_001 weighted\n6 gen_2_001 yll\n6 gen_3_002 deaths\n6 gen_3_002 infected\n6 gen_3_002 weighted\n6 gen_3_002 yll\n6 gen_4_007 deaths\n6 gen_4_007 infected\n6 gen_4_007 weighted\n6 gen_4_007 yll\n6 gen_5_005 deaths\n6 gen_5_005 infected\n6 gen_5_005 weighted\n6 gen_5_005 yll\n6 gen_6_010 deaths\n6 gen_6_010 infected\n6 gen_6_010 weighted\n6 gen_6_010 yll\n7 gen_0_002 deaths\n7 gen_0_002 infected\n7 gen_0_002 weighted\n7 gen_0_002 yll\n7 gen_0_011 deaths\n7 gen_0_011 infected\n7 gen_0_011 weighted\n7 gen_0_011 yll\n7 gen_1_006 deaths\n7 gen_1_006 infected\n7 gen_1_006 weighted\n7 gen_1_006 yll\n7 gen_5_005 deaths\n7 gen_5_005 infected\n7 gen_5_005 weighted\n7 gen_5_005 yll\n7 gen_7_012 deaths\n7 gen_7_012 infected\n7 gen_7_012 weighted\n7 gen_7_012 yll\n11 gen_0_002 deaths\n11 gen_0_002 infected\n11 gen_0_002 weighted\n11 gen_0_002 yll\n11 gen_1_006 deaths\n11 gen_1_006 infected\n11 gen_1_006 weighted\n11 gen_1_006 yll\n11 gen_5_005 deaths\n11 gen_5_005 infected\n11 gen_5_005 weighted\n11 gen_5_005 yll\n11 gen_7_012 deaths\n11 gen_7_012 infected\n11 gen_7_012 weighted\n11 gen_7_012 yll\n11 gen_11_005 deaths\n11 gen_11_005 infected\n11 gen_11_005 weighted\n11 gen_11_005 yll\n12 gen_5_005 deaths\n12 gen_5_005 infected\n12 gen_5_005 weighted\n12 gen_5_005 yll\n12 gen_8_010 deaths\n12 gen_8_010 infected\n12 gen_8_010 weighted\n12 gen_8_010 yll\n12 gen_10_004 deaths\n12 gen_10_004 infected\n12 gen_10_004 weighted\n12 gen_10_004 yll\n12 gen_11_005 deaths\n12 gen_11_005 infected\n12 gen_11_005 weighted\n12 gen_11_005 yll\n12 gen_12_004 deaths\n12 gen_12_004 infected\n12 gen_12_004 weighted\n12 gen_12_004 yll\n13 gen_0_002 deaths\n13 gen_0_002 infected\n13 gen_0_002 weighted\n13 gen_0_002 yll\n13 gen_1_006 deaths\n13 gen_1_006 infected\n13 gen_1_006 weighted\n13 gen_1_006 yll\n13 gen_7_012 deaths\n13 gen_7_012 infected\n13 gen_7_012 weighted\n13 gen_7_012 yll\n13 gen_9_003 deaths\n13 gen_9_003 infected\n13 gen_9_003 weighted\n13 gen_9_003 yll\n13 gen_13_005 deaths\n13 gen_13_005 infected\n13 gen_13_005 weighted\n13 gen_13_005 yll\n"
     ]
    }
   ],
   "source": [
    "for gen in range(len(final_scores)):\n",
    "    for individual in final_scores[gen]:\n",
    "        for objective in final_scores[gen][individual]:\n",
    "            if len(final_scores[gen][individual][objective]) > 15:\n",
    "                print(f\"{gen} {individual} {objective}\")"
   ]
  },
  {
   "cell_type": "code",
   "execution_count": 66,
   "metadata": {},
   "outputs": [
    {
     "output_type": "execute_result",
     "data": {
      "text/plain": [
       "                 deaths       infected     weighted           yll\n",
       "generation                                                       \n",
       "0           1310.236090  132032.514259  2630.561232  17541.753333\n",
       "1           1308.996685  131692.579025  2625.922476  17509.427957\n",
       "2           1307.195736  131330.026903  2620.496005  17467.222917\n",
       "3           1305.148125  130976.328863  2614.911413  17423.436364\n",
       "4           1302.839021  130604.862964  2608.887650  17377.649020\n",
       "5           1300.350894  130219.427076  2602.545164  17329.864762\n",
       "6           1309.798267  130893.019625  2618.728463  17434.038973\n",
       "7           1292.147519  129219.548048  2584.342999  17197.867158\n",
       "8           1294.509287  129255.802073  2587.067308  17212.738596\n",
       "9           1293.135586  129012.837347  2583.263960  17182.377778\n",
       "10          1291.814597  128771.864608  2579.533243  17153.528333\n",
       "11          1294.772966  128791.876854  2582.691735  17176.775018\n",
       "12          1303.375123  129540.410267  2598.779225  17275.833622\n",
       "13          1274.189676  126849.000022  2542.679676  16895.236011"
      ],
      "text/html": "<div>\n<style scoped>\n    .dataframe tbody tr th:only-of-type {\n        vertical-align: middle;\n    }\n\n    .dataframe tbody tr th {\n        vertical-align: top;\n    }\n\n    .dataframe thead th {\n        text-align: right;\n    }\n</style>\n<table border=\"1\" class=\"dataframe\">\n  <thead>\n    <tr style=\"text-align: right;\">\n      <th></th>\n      <th>deaths</th>\n      <th>infected</th>\n      <th>weighted</th>\n      <th>yll</th>\n    </tr>\n    <tr>\n      <th>generation</th>\n      <th></th>\n      <th></th>\n      <th></th>\n      <th></th>\n    </tr>\n  </thead>\n  <tbody>\n    <tr>\n      <th>0</th>\n      <td>1310.236090</td>\n      <td>132032.514259</td>\n      <td>2630.561232</td>\n      <td>17541.753333</td>\n    </tr>\n    <tr>\n      <th>1</th>\n      <td>1308.996685</td>\n      <td>131692.579025</td>\n      <td>2625.922476</td>\n      <td>17509.427957</td>\n    </tr>\n    <tr>\n      <th>2</th>\n      <td>1307.195736</td>\n      <td>131330.026903</td>\n      <td>2620.496005</td>\n      <td>17467.222917</td>\n    </tr>\n    <tr>\n      <th>3</th>\n      <td>1305.148125</td>\n      <td>130976.328863</td>\n      <td>2614.911413</td>\n      <td>17423.436364</td>\n    </tr>\n    <tr>\n      <th>4</th>\n      <td>1302.839021</td>\n      <td>130604.862964</td>\n      <td>2608.887650</td>\n      <td>17377.649020</td>\n    </tr>\n    <tr>\n      <th>5</th>\n      <td>1300.350894</td>\n      <td>130219.427076</td>\n      <td>2602.545164</td>\n      <td>17329.864762</td>\n    </tr>\n    <tr>\n      <th>6</th>\n      <td>1309.798267</td>\n      <td>130893.019625</td>\n      <td>2618.728463</td>\n      <td>17434.038973</td>\n    </tr>\n    <tr>\n      <th>7</th>\n      <td>1292.147519</td>\n      <td>129219.548048</td>\n      <td>2584.342999</td>\n      <td>17197.867158</td>\n    </tr>\n    <tr>\n      <th>8</th>\n      <td>1294.509287</td>\n      <td>129255.802073</td>\n      <td>2587.067308</td>\n      <td>17212.738596</td>\n    </tr>\n    <tr>\n      <th>9</th>\n      <td>1293.135586</td>\n      <td>129012.837347</td>\n      <td>2583.263960</td>\n      <td>17182.377778</td>\n    </tr>\n    <tr>\n      <th>10</th>\n      <td>1291.814597</td>\n      <td>128771.864608</td>\n      <td>2579.533243</td>\n      <td>17153.528333</td>\n    </tr>\n    <tr>\n      <th>11</th>\n      <td>1294.772966</td>\n      <td>128791.876854</td>\n      <td>2582.691735</td>\n      <td>17176.775018</td>\n    </tr>\n    <tr>\n      <th>12</th>\n      <td>1303.375123</td>\n      <td>129540.410267</td>\n      <td>2598.779225</td>\n      <td>17275.833622</td>\n    </tr>\n    <tr>\n      <th>13</th>\n      <td>1274.189676</td>\n      <td>126849.000022</td>\n      <td>2542.679676</td>\n      <td>16895.236011</td>\n    </tr>\n  </tbody>\n</table>\n</div>"
     },
     "metadata": {},
     "execution_count": 66
    }
   ],
   "source": [
    "generation_scores = os.listdir(path+\"/final_scores/\")\n",
    "final_scores = []\n",
    "for score in sorted(generation_scores, key=lambda x: int(x.split(\"_\")[2][:-4])):\n",
    "    final_scores.append(utils.read_pickle(path+\"/final_scores/\"+score))\n",
    "\n",
    "generation_means = defaultdict(list)\n",
    "for gen_scores in final_scores:\n",
    "    gen_individual_means = defaultdict(list)\n",
    "    for individual in gen_scores.keys():\n",
    "        for objective, scores in gen_scores[individual].items():\n",
    "            gen_individual_means[objective].append(np.mean(scores))\n",
    "    for objective, scores in gen_individual_means.items():\n",
    "        generation_means[objective].append(np.mean(scores))\n",
    "generation_means = dict(generation_means)\n",
    "results = pd.DataFrame(generation_means)\n",
    "results.index.rename(\"generation\", inplace=True)\n",
    "results"
   ]
  },
  {
   "cell_type": "code",
   "execution_count": 64,
   "metadata": {},
   "outputs": [
    {
     "output_type": "display_data",
     "data": {
      "text/plain": "<Figure size 720x720 with 4 Axes>",
