{
 "metadata": {
  "language_info": {
   "codemirror_mode": {
    "name": "ipython",
    "version": 3
   },
   "file_extension": ".py",
   "mimetype": "text/x-python",
   "name": "python",
   "nbconvert_exporter": "python",
   "pygments_lexer": "ipython3",
   "version": "3.8.0"
  },
  "orig_nbformat": 2,
  "kernelspec": {
   "name": "python380jvsc74a57bd0d1135e85b24d6fc36dc6a0cb37a446f4ea6c1d1c5d9ce7e53624fd1bcca00fa0",
   "display_name": "Python 3.8.0 64-bit ('epidemics': conda)"
  }
 },
 "nbformat": 4,
 "nbformat_minor": 2,
 "cells": [
  {
   "cell_type": "code",
   "execution_count": 2,
   "metadata": {},
   "outputs": [],
   "source": [
    "import os\n",
    "import utils\n",
    "import numpy as np\n",
    "import pandas as pd\n",
    "import matplotlib.pyplot as plt\n",
    "import seaborn as sns\n",
    "from collections import defaultdict\n",
    "from functools import partial"
   ]
  },
  {
   "cell_type": "code",
   "execution_count": 3,
   "metadata": {},
   "outputs": [],
   "source": [
    "def read_all_results(dir_path):\n",
    "    paths = os.listdir(dir_path)\n",
    "    last_gens = []\n",
    "    for i in range(len(paths)):\n",
    "        path = dir_path + paths[i]\n",
    "        try:\n",
    "            last_gen = sorted(map(lambda x: x.split(\"_\"), \n",
    "                            os.listdir(f\"{path}/individuals/\")), \n",
    "                            key=lambda x: int(x[1].split(\".\")[0]))[-1][-1][:-4]\n",
    "            print(f\"{i+1}: Path: {paths[i]}, last generation: {int(last_gen)}\")\n",
    "            last_gens.append(int(last_gen))\n",
    "        except:\n",
    "            continue\n",
    "    return paths, last_gens"
   ]
  },
  {
   "cell_type": "code",
   "execution_count": 4,
   "metadata": {},
   "outputs": [
    {
     "output_type": "stream",
     "name": "stdout",
     "text": [
      "2: Path: GA_2021_06_05_13_19_14, last generation: 42\n3: Path: GA_2021_06_05_13_18_22, last generation: 40\n4: Path: GA_2021_06_05_13_18_46, last generation: 41\n5: Path: GA_2021_06_05_13_18_39, last generation: 42\n6: Path: GA_2021_06_05_17_50_02, last generation: 32\n7: Path: GA_2021_06_05_13_19_08, last generation: 41\n8: Path: GA_2021_06_05_16_10_38, last generation: 34\n9: Path: GA_2021_06_05_13_18_32, last generation: 40\n"
     ]
    }
   ],
   "source": [
    "dir_path = \"results/\"\n",
    "paths, last_gens = read_all_results(dir_path)"
   ]
  },
  {
   "cell_type": "code",
   "execution_count": 147,
   "metadata": {},
   "outputs": [
    {
     "output_type": "stream",
     "name": "stdout",
     "text": [
      "{\n    \"objective\": \"deaths\",\n    \"simulations\": 30,\n    \"process\": {\n        \"horizon\": 37,\n        \"decision_period\": 56,\n        \"policy\": \"weighted\"\n    },\n    \"population_size\": 39,\n    \"random_individuals\": true,\n    \"min_generations\": 200\n}\n"
     ]
    }
   ],
   "source": [
    "run = 8\n",
    "path = dir_path + paths[run-1]\n",
    "with open(path + \"/run_params.json\", \"r\") as file:\n",
    "    print(file.read())\n",
    "    file.close()"
   ]
  },
  {
   "source": [
    "## Individual results"
   ],
   "cell_type": "markdown",
   "metadata": {}
  },
  {
   "cell_type": "code",
   "execution_count": 148,
   "metadata": {},
   "outputs": [],
   "source": [
    "gen = 34\n",
    "individuals_path =  f\"{path}/individuals/individuals_{gen}.pkl\"\n",
    "individuals = utils.read_pickle(individuals_path)"
   ]
  },
  {
   "cell_type": "code",
   "execution_count": 149,
   "metadata": {
    "tags": []
   },
   "outputs": [
    {
     "output_type": "stream",
     "name": "stdout",
     "text": [
      "Strategy_count:\n\u001b[1m#   U    D    N    \u001b[0m\n1 | 30   30   30   \n2 | 26   20   30   \n3 | 17   9    30   \n4 | 6    0    23   \n5 | 1    0    12   \n6 | 0    0    1    \n\n\u001b[1m1st place:\u001b[0m\nID: gen_23_005\nScore: 1118.39\nGenes:\n[[[0.189 0.234 0.21  0.252 0.116]\n  [0.21  0.195 0.257 0.274 0.064]\n  [0.178 0.126 0.42  0.12  0.157]]\n\n [[0.244 0.155 0.203 0.214 0.183]\n  [0.32  0.31  0.113 0.052 0.204]\n  [0.215 0.22  0.083 0.162 0.32 ]]\n\n [[0.121 0.31  0.183 0.061 0.325]\n  [0.152 0.094 0.386 0.175 0.193]\n  [0.172 0.249 0.18  0.252 0.147]]]\n\n\u001b[1m2nd place:\u001b[0m\nID: gen_33_014\nScore: 1125.23\nGenes:\n[[[0.246 0.135 0.232 0.198 0.19 ]\n  [0.011 0.158 0.21  0.507 0.114]\n  [0.312 0.09  0.277 0.157 0.164]]\n\n [[0.167 0.249 0.296 0.128 0.161]\n  [0.176 0.344 0.166 0.067 0.247]\n  [0.166 0.329 0.091 0.13  0.283]]\n\n [[0.133 0.247 0.171 0.156 0.294]\n  [0.141 0.048 0.452 0.152 0.208]\n  [0.172 0.187 0.219 0.271 0.15 ]]]\n\n\u001b[1m3rd place:\u001b[0m\nID: gen_34_002\nScore: 1128.531\nGenes:\n[[[0.264 0.096 0.26  0.151 0.23 ]\n  [0.    0.143 0.21  0.516 0.131]\n  [0.325 0.083 0.233 0.182 0.178]]\n\n [[0.042 0.415 0.294 0.094 0.155]\n  [0.16  0.394 0.109 0.083 0.254]\n  [0.207 0.358 0.096 0.106 0.234]]\n\n [[0.004 0.332 0.187 0.22  0.258]\n  [0.184 0.064 0.448 0.121 0.183]\n  [0.197 0.246 0.212 0.23  0.115]]]\n\n\u001b[1m4th place:\u001b[0m\nID: gen_18_002\nScore: 1131.593\nGenes:\n[[[0.323 0.119 0.197 0.289 0.071]\n  [0.165 0.21  0.284 0.301 0.04 ]\n  [0.131 0.131 0.49  0.101 0.146]]\n\n [[0.246 0.143 0.17  0.258 0.183]\n  [0.37  0.29  0.111 0.019 0.21 ]\n  [0.241 0.184 0.061 0.165 0.349]]\n\n [[0.244 0.236 0.158 0.018 0.344]\n  [0.145 0.093 0.371 0.181 0.21 ]\n  [0.23  0.24  0.144 0.235 0.152]]]\n\n\u001b[1m5th place:\u001b[0m\nID: gen_29_006\nScore: 1132.224\nGenes:\n[[[0.306 0.091 0.234 0.095 0.275]\n  [0.175 0.155 0.193 0.375 0.103]\n  [0.154 0.124 0.298 0.189 0.235]]\n\n [[0.219 0.341 0.287 0.032 0.122]\n  [0.299 0.342 0.119 0.034 0.205]\n  [0.231 0.288 0.08  0.154 0.247]]\n\n [[0.227 0.243 0.161 0.173 0.197]\n  [0.147 0.046 0.466 0.167 0.174]\n  [0.33  0.137 0.203 0.225 0.104]]]\n\n\u001b[1m6th place:\u001b[0m\nID: gen_32_002\nScore: 1139.246\nGenes:\n[[[0.272 0.105 0.253 0.146 0.224]\n  [0.    0.143 0.21  0.516 0.131]\n  [0.276 0.071 0.198 0.341 0.114]]\n\n [[0.143 0.28  0.312 0.1   0.165]\n  [0.16  0.394 0.109 0.083 0.254]\n  [0.185 0.321 0.086 0.308 0.1  ]]\n\n [[0.142 0.256 0.169 0.199 0.234]\n  [0.184 0.064 0.448 0.121 0.183]\n  [0.17  0.213 0.183 0.352 0.081]]]\n\n\u001b[1m7th place:\u001b[0m\nID: gen_10_011\nScore: 1144.304\nGenes:\n[[[0.144 0.23  0.3   0.261 0.064]\n  [0.189 0.241 0.224 0.346 0.   ]\n  [0.151 0.151 0.293 0.116 0.288]]\n\n [[0.274 0.077 0.18  0.274 0.194]\n  [0.355 0.278 0.106 0.018 0.243]\n  [0.247 0.188 0.063 0.168 0.335]]\n\n [[0.144 0.119 0.224 0.025 0.488]\n  [0.116 0.245 0.296 0.145 0.198]\n  [0.182 0.366 0.114 0.186 0.153]]]\n\n\u001b[1m8th place:\u001b[0m\nID: gen_25_003\nScore: 1146.924\nGenes:\n[[[0.217 0.161 0.217 0.215 0.19 ]\n  [0.24  0.156 0.177 0.366 0.061]\n  [0.316 0.102 0.318 0.119 0.145]]\n\n [[0.189 0.261 0.294 0.126 0.13 ]\n  [0.192 0.314 0.227 0.032 0.234]\n  [0.08  0.297 0.089 0.166 0.369]]\n\n [[0.115 0.249 0.187 0.109 0.34 ]\n  [0.086 0.026 0.472 0.183 0.233]\n  [0.114 0.114 0.243 0.329 0.2  ]]]\n\n\u001b[1m9th place:\u001b[0m\nID: gen_26_003\nScore: 1149.746\nGenes:\n[[[0.228 0.166 0.237 0.165 0.204]\n  [0.323 0.151 0.2   0.265 0.061]\n  [0.268 0.11  0.323 0.137 0.162]]\n\n [[0.193 0.261 0.273 0.127 0.147]\n  [0.241 0.372 0.116 0.048 0.223]\n  [0.164 0.285 0.092 0.146 0.313]]\n\n [[0.121 0.295 0.191 0.127 0.266]\n  [0.157 0.073 0.433 0.148 0.188]\n  [0.152 0.234 0.211 0.257 0.146]]]\n\n\u001b[1m10th place:\u001b[0m\nID: gen_15_014\nScore: 1150.343\nGenes:\n[[[0.316 0.107 0.269 0.277 0.031]\n  [0.26  0.068 0.117 0.41  0.145]\n  [0.209 0.092 0.266 0.205 0.228]]\n\n [[0.114 0.07  0.246 0.255 0.315]\n  [0.134 0.241 0.102 0.27  0.252]\n  [0.4   0.315 0.095 0.083 0.107]]\n\n [[0.034 0.221 0.104 0.267 0.374]\n  [0.253 0.083 0.265 0.162 0.236]\n  [0.337 0.26  0.122 0.15  0.13 ]]]\n\n\u001b[1m11th place:\u001b[0m\nID: gen_2_004\nScore: 1151.15\nGenes:\n[[[0.268 0.097 0.264 0.078 0.293]\n  [0.436 0.107 0.144 0.255 0.058]\n  [0.359 0.094 0.226 0.153 0.168]]\n\n [[0.141 0.367 0.342 0.04  0.111]\n  [0.161 0.434 0.119 0.044 0.242]\n  [0.113 0.349 0.102 0.129 0.307]]\n\n [[0.122 0.28  0.199 0.193 0.206]\n  [0.163 0.052 0.481 0.122 0.183]\n  [0.131 0.219 0.243 0.262 0.145]]]\n\n\u001b[1m12th place:\u001b[0m\nID: gen_16_009\nScore: 1151.518\nGenes:\n[[[0.2   0.203 0.076 0.219 0.302]\n  [0.158 0.278 0.287 0.149 0.128]\n  [0.114 0.321 0.17  0.318 0.076]]\n\n [[0.162 0.267 0.198 0.078 0.295]\n  [0.12  0.351 0.221 0.076 0.232]\n  [0.064 0.268 0.104 0.3   0.264]]\n\n [[0.326 0.175 0.084 0.219 0.196]\n  [0.046 0.278 0.331 0.229 0.117]\n  [0.33  0.056 0.337 0.231 0.045]]]\n\n\u001b[1m13th place:\u001b[0m\nID: gen_27_013\nScore: 1153.081\nGenes:\n[[[0.182 0.129 0.123 0.325 0.241]\n  [0.13  0.073 0.206 0.268 0.324]\n  [0.121 0.161 0.168 0.328 0.222]]\n\n [[0.17  0.119 0.297 0.241 0.173]\n  [0.098 0.22  0.28  0.126 0.277]\n  [0.097 0.145 0.226 0.291 0.241]]\n\n [[0.176 0.143 0.206 0.186 0.29 ]\n  [0.096 0.156 0.328 0.307 0.112]\n  [0.095 0.25  0.11  0.262 0.282]]]\n\n\u001b[1m14th place:\u001b[0m\nID: gen_11_009\nScore: 1154.574\nGenes:\n[[[0.272 0.105 0.253 0.146 0.224]\n  [0.    0.143 0.21  0.516 0.131]\n  [0.325 0.083 0.233 0.182 0.178]]\n\n [[0.143 0.28  0.312 0.1   0.165]\n  [0.16  0.394 0.109 0.083 0.254]\n  [0.207 0.358 0.096 0.106 0.234]]\n\n [[0.142 0.256 0.169 0.199 0.234]\n  [0.184 0.064 0.448 0.121 0.183]\n  [0.197 0.246 0.212 0.23  0.115]]]\n\n\u001b[1m15th place:\u001b[0m\nID: gen_24_002\nScore: 1157.008\nGenes:\n[[[0.225 0.195 0.211 0.324 0.045]\n  [0.244 0.139 0.213 0.404 0.   ]\n  [0.151 0.151 0.293 0.116 0.288]]\n\n [[0.211 0.049 0.202 0.277 0.261]\n  [0.291 0.312 0.107 0.02  0.27 ]\n  [0.247 0.188 0.063 0.168 0.335]]\n\n [[0.155 0.262 0.124 0.119 0.34 ]\n  [0.198 0.096 0.361 0.145 0.199]\n  [0.182 0.366 0.114 0.186 0.153]]]\n\n\u001b[1m16th place:\u001b[0m\nID: gen_12_005\nScore: 1158.024\nGenes:\n[[[0.189 0.203 0.277 0.279 0.052]\n  [0.205 0.188 0.188 0.383 0.036]\n  [0.169 0.126 0.283 0.154 0.268]]\n\n [[0.241 0.063 0.191 0.276 0.228]\n  [0.305 0.277 0.1   0.063 0.255]\n  [0.307 0.237 0.066 0.135 0.255]]\n\n [[0.111 0.146 0.193 0.087 0.463]\n  [0.149 0.209 0.309 0.138 0.195]\n  [0.235 0.357 0.115 0.172 0.121]]]\n\n\u001b[1m17th place:\u001b[0m\nID: gen_30_011\nScore: 1158.238\nGenes:\n[[[0.227 0.16  0.153 0.205 0.254]\n  [0.215 0.12  0.254 0.335 0.077]\n  [0.199 0.101 0.363 0.154 0.183]]\n\n [[0.197 0.139 0.346 0.148 0.171]\n  [0.141 0.316 0.162 0.068 0.313]\n  [0.304 0.237 0.077 0.121 0.261]]\n\n [[0.192 0.156 0.224 0.138 0.29 ]\n  [0.089 0.143 0.432 0.148 0.188]\n  [0.258 0.235 0.175 0.212 0.121]]]\n\n\u001b[1m18th place:\u001b[0m\nID: gen_22_002\nScore: 1160.262\nGenes:\n[[[0.167 0.225 0.17  0.351 0.087]\n  [0.043 0.205 0.211 0.478 0.063]\n  [0.274 0.11  0.409 0.084 0.122]]\n\n [[0.238 0.155 0.246 0.212 0.15 ]\n  [0.223 0.195 0.335 0.02  0.227]\n  [0.046 0.244 0.076 0.204 0.431]]\n\n [[0.108 0.218 0.175 0.024 0.475]\n  [0.01  0.    0.463 0.245 0.283]\n  [0.097 0.01  0.243 0.395 0.255]]]\n\n\u001b[1m19th place:\u001b[0m\nID: gen_19_014\nScore: 1160.795\nGenes:\n[[[0.21  0.212 0.209 0.317 0.052]\n  [0.198 0.142 0.208 0.374 0.079]\n  [0.166 0.1   0.401 0.163 0.17 ]]\n\n [[0.227 0.056 0.196 0.276 0.244]\n  [0.29  0.284 0.1   0.086 0.24 ]\n  [0.334 0.259 0.067 0.117 0.224]]\n\n [[0.143 0.282 0.134 0.094 0.346]\n  [0.184 0.095 0.363 0.157 0.201]\n  [0.292 0.273 0.135 0.196 0.105]]]\n\n\u001b[1m20th place:\u001b[0m\nID: gen_31_006\nScore: 1161.89\nGenes:\n[[[0.162 0.219 0.257 0.076 0.285]\n  [0.436 0.107 0.144 0.255 0.058]\n  [0.359 0.094 0.226 0.153 0.168]]\n\n [[0.269 0.175 0.386 0.045 0.125]\n  [0.161 0.434 0.119 0.044 0.242]\n  [0.113 0.349 0.102 0.129 0.307]]\n\n [[0.117 0.236 0.216 0.208 0.223]\n  [0.163 0.052 0.481 0.122 0.183]\n  [0.131 0.219 0.243 0.262 0.145]]]\n\n\u001b[1m21st place:\u001b[0m\nID: gen_21_012\nScore: 1166.04\nGenes:\n[[[0.178 0.222 0.168 0.346 0.086]\n  [0.043 0.205 0.211 0.478 0.063]\n  [0.274 0.11  0.409 0.084 0.122]]\n\n [[0.121 0.179 0.283 0.244 0.173]\n  [0.223 0.195 0.335 0.02  0.227]\n  [0.046 0.244 0.076 0.204 0.431]]\n\n [[0.112 0.217 0.174 0.024 0.473]\n  [0.01  0.    0.463 0.245 0.283]\n  [0.097 0.01  0.243 0.395 0.255]]]\n\n\u001b[1m22nd place:\u001b[0m\nID: gen_8_007\nScore: 1168.092\nGenes:\n[[[0.286 0.127 0.219 0.351 0.018]\n  [0.252 0.027 0.081 0.495 0.144]\n  [0.223 0.049 0.254 0.266 0.208]]\n\n [[0.148 0.022 0.224 0.28  0.327]\n  [0.155 0.273 0.081 0.199 0.292]\n  [0.487 0.383 0.078 0.036 0.016]]\n\n [[0.202 0.183 0.08  0.22  0.316]\n  [0.25  0.098 0.348 0.117 0.186]\n  [0.395 0.329 0.118 0.132 0.026]]]\n\n\u001b[1m23rd place:\u001b[0m\nID: gen_13_003\nScore: 1171.38\nGenes:\n[[[0.225 0.195 0.211 0.324 0.045]\n  [0.209 0.119 0.183 0.398 0.092]\n  [0.177 0.09  0.372 0.184 0.177]]\n\n [[0.211 0.049 0.202 0.277 0.261]\n  [0.263 0.282 0.096 0.109 0.251]\n  [0.364 0.284 0.07  0.101 0.182]]\n\n [[0.155 0.262 0.124 0.119 0.34 ]\n  [0.198 0.096 0.36  0.149 0.198]\n  [0.312 0.284 0.131 0.183 0.089]]]\n\n\u001b[1m24th place:\u001b[0m\nID: gen_14_015\nScore: 1171.921\nGenes:\n[[[0.266 0.096 0.247 0.1   0.29 ]\n  [0.222 0.146 0.182 0.353 0.097]\n  [0.28  0.105 0.254 0.161 0.2  ]]\n\n [[0.122 0.383 0.323 0.036 0.137]\n  [0.13  0.424 0.148 0.043 0.255]\n  [0.195 0.301 0.084 0.161 0.259]]\n\n [[0.167 0.261 0.174 0.186 0.212]\n  [0.161 0.045 0.458 0.164 0.171]\n  [0.534 0.095 0.142 0.157 0.072]]]\n\n\u001b[1m25th place:\u001b[0m\nID: gen_0_008\nScore: 1172.019\nGenes:\n[[[0.164 0.262 0.203 0.297 0.073]\n  [0.165 0.21  0.284 0.301 0.04 ]\n  [0.131 0.131 0.49  0.101 0.146]]\n\n [[0.274 0.077 0.18  0.274 0.194]\n  [0.37  0.29  0.111 0.019 0.21 ]\n  [0.241 0.184 0.061 0.165 0.349]]\n\n [[0.108 0.342 0.167 0.019 0.364]\n  [0.145 0.093 0.371 0.181 0.21 ]\n  [0.23  0.24  0.144 0.235 0.152]]]\n\n\u001b[1m26th place:\u001b[0m\nID: gen_28_002\nScore: 1180.706\nGenes:\n[[[0.182 0.129 0.123 0.325 0.241]\n  [0.169 0.094 0.268 0.349 0.12 ]\n  [0.177 0.09  0.372 0.184 0.177]]\n\n [[0.17  0.119 0.297 0.241 0.173]\n  [0.1   0.226 0.287 0.13  0.257]\n  [0.364 0.284 0.07  0.101 0.182]]\n\n [[0.176 0.143 0.206 0.186 0.29 ]\n  [0.089 0.144 0.302 0.283 0.182]\n  [0.312 0.284 0.131 0.183 0.089]]]\n\n\u001b[1m27th place:\u001b[0m\nID: gen_17_006\nScore: 1182.365\nGenes:\n[[[0.256 0.093 0.199 0.166 0.286]\n  [0.42  0.102 0.081 0.27  0.128]\n  [0.329 0.063 0.328 0.159 0.122]]\n\n [[0.045 0.441 0.272 0.026 0.217]\n  [0.065 0.381 0.231 0.036 0.287]\n  [0.093 0.125 0.269 0.253 0.26 ]]\n\n [[0.004 0.301 0.164 0.233 0.299]\n  [0.118 0.026 0.412 0.298 0.145]\n  [0.152 0.36  0.041 0.447 0.   ]]]\n\n\u001b[1m28th place:\u001b[0m\nID: gen_20_002\nScore: 1187.51\nGenes:\n[[[0.361 0.158 0.2   0.059 0.222]\n  [0.033 0.348 0.195 0.345 0.079]\n  [0.292 0.08  0.259 0.176 0.193]]\n\n [[0.242 0.202 0.386 0.045 0.125]\n  [0.261 0.078 0.194 0.073 0.395]\n  [0.214 0.137 0.123 0.155 0.371]]\n\n [[0.233 0.103 0.221 0.214 0.228]\n  [0.184 0.129 0.421 0.106 0.16 ]\n  [0.273 0.217 0.19  0.206 0.114]]]\n\n\u001b[1m29th place:\u001b[0m\nID: gen_0_020\nScore: 1189.563\nGenes:\n[[[0.324 0.12  0.207 0.332 0.017]\n  [0.252 0.027 0.081 0.495 0.144]\n  [0.223 0.049 0.254 0.266 0.208]]\n\n [[0.143 0.022 0.225 0.281 0.329]\n  [0.155 0.273 0.081 0.199 0.292]\n  [0.487 0.383 0.078 0.036 0.016]]\n\n [[0.012 0.226 0.099 0.272 0.391]\n  [0.25  0.098 0.348 0.117 0.186]\n  [0.395 0.329 0.118 0.132 0.026]]]\n\n\u001b[1m30th place:\u001b[0m\nID: gen_0_013\nScore: 1192.008\nGenes:\n[[[0.147 0.063 0.058 0.495 0.237]\n  [0.003 0.117 0.297 0.276 0.307]\n  [0.024 0.322 0.087 0.255 0.311]]\n\n [[0.139 0.025 0.283 0.241 0.312]\n  [0.136 0.17  0.427 0.097 0.17 ]\n  [0.034 0.272 0.087 0.238 0.37 ]]\n\n [[0.134 0.275 0.098 0.227 0.266]\n  [0.097 0.093 0.257 0.401 0.152]\n  [0.059 0.289 0.064 0.118 0.471]]]\n\n\u001b[1m31st place:\u001b[0m\nID: gen_0_017\nScore: 1194.242\nGenes:\n[[[0.181 0.239 0.036 0.236 0.307]\n  [0.071 0.336 0.355 0.109 0.128]\n  [0.031 0.397 0.153 0.389 0.031]]\n\n [[0.201 0.208 0.173 0.095 0.322]\n  [0.138 0.341 0.217 0.09  0.214]\n  [0.057 0.258 0.115 0.297 0.272]]\n\n [[0.433 0.133 0.057 0.214 0.162]\n  [0.022 0.362 0.304 0.205 0.107]\n  [0.401 0.056 0.34  0.179 0.025]]]\n\n\u001b[1m32nd place:\u001b[0m\nID: gen_0_007\nScore: 1194.522\nGenes:\n[[[0.282 0.149 0.129 0.033 0.407]\n  [0.109 0.285 0.479 0.012 0.115]\n  [0.112 0.259 0.156 0.112 0.361]]\n\n [[0.219 0.108 0.114 0.256 0.302]\n  [0.276 0.307 0.075 0.288 0.053]\n  [0.26  0.208 0.17  0.109 0.253]]\n\n [[0.201 0.134 0.332 0.107 0.225]\n  [0.244 0.099 0.153 0.359 0.145]\n  [0.055 0.047 0.52  0.126 0.252]]]\n\n\u001b[1m33rd place:\u001b[0m\nID: gen_0_026\nScore: 1196.707\nGenes:\n[[[0.292 0.066 0.453 0.113 0.075]\n  [0.282 0.191 0.226 0.153 0.147]\n  [0.167 0.219 0.303 0.022 0.289]]\n\n [[0.026 0.216 0.307 0.177 0.273]\n  [0.073 0.145 0.166 0.482 0.135]\n  [0.139 0.111 0.147 0.222 0.381]]\n\n [[0.098 0.205 0.121 0.254 0.322]\n  [0.263 0.036 0.016 0.296 0.389]\n  [0.165 0.054 0.134 0.205 0.442]]]\n\n\u001b[1m34th place:\u001b[0m\nID: gen_0_030\nScore: 1197.985\nGenes:\n[[[0.116 0.199 0.183 0.382 0.12 ]\n  [0.169 0.438 0.202 0.191 0.   ]\n  [0.207 0.124 0.175 0.245 0.25 ]]\n\n [[0.243 0.329 0.408 0.02  0.   ]\n  [0.057 0.23  0.443 0.016 0.254]\n  [0.031 0.249 0.28  0.113 0.328]]\n\n [[0.277 0.174 0.293 0.1   0.158]\n  [0.027 0.409 0.031 0.284 0.249]\n  [0.179 0.236 0.234 0.158 0.193]]]\n\n\u001b[1m35th place:\u001b[0m\nID: gen_0_025\nScore: 1198.229\nGenes:\n[[[0.217 0.194 0.188 0.156 0.245]\n  [0.257 0.028 0.115 0.26  0.34 ]\n  [0.217 0.    0.248 0.401 0.134]]\n\n [[0.2   0.214 0.312 0.241 0.034]\n  [0.059 0.269 0.132 0.155 0.384]\n  [0.161 0.018 0.366 0.344 0.112]]\n\n [[0.217 0.011 0.313 0.146 0.313]\n  [0.096 0.219 0.399 0.213 0.073]\n  [0.131 0.212 0.157 0.407 0.093]]]\n\n\u001b[1m36th place:\u001b[0m\nID: gen_5_011\nScore: 1198.881\nGenes:\n[[[0.27  0.097 0.263 0.078 0.292]\n  [0.156 0.161 0.215 0.381 0.087]\n  [0.251 0.11  0.264 0.179 0.196]]\n\n [[0.148 0.364 0.339 0.039 0.11 ]\n  [0.152 0.439 0.12  0.045 0.244]\n  [0.232 0.303 0.088 0.112 0.266]]\n\n [[0.221 0.248 0.177 0.171 0.183]\n  [0.175 0.051 0.474 0.12  0.18 ]\n  [0.13  0.219 0.243 0.263 0.145]]]\n\n\u001b[1m37th place:\u001b[0m\nID: gen_0_031\nScore: 1202.831\nGenes:\n[[[0.149 0.185 0.14  0.27  0.256]\n  [0.027 0.129 0.133 0.371 0.34 ]\n  [0.328 0.132 0.191 0.064 0.285]]\n\n [[0.129 0.189 0.3   0.046 0.336]\n  [0.207 0.18  0.31  0.023 0.28 ]\n  [0.037 0.198 0.136 0.519 0.111]]\n\n [[0.081 0.158 0.127 0.267 0.367]\n  [0.007 0.    0.343 0.507 0.142]\n  [0.057 0.006 0.379 0.494 0.063]]]\n\n\u001b[1m38th place:\u001b[0m\nID: gen_4_003\nScore: 1205.843\nGenes:\n[[[0.216 0.18  0.233 0.188 0.183]\n  [0.3   0.159 0.214 0.278 0.049]\n  [0.245 0.113 0.358 0.127 0.157]]\n\n [[0.208 0.222 0.261 0.157 0.153]\n  [0.266 0.362 0.115 0.031 0.226]\n  [0.177 0.267 0.082 0.147 0.328]]\n\n [[0.115 0.311 0.183 0.106 0.285]\n  [0.154 0.072 0.426 0.151 0.196]\n  [0.18  0.229 0.194 0.248 0.148]]]\n\n\u001b[1m39th place:\u001b[0m\nID: gen_9_006\nScore: 1211.244\nGenes:\n[[[0.256 0.093 0.199 0.166 0.286]\n  [0.42  0.102 0.081 0.27  0.128]\n  [0.365 0.091 0.223 0.107 0.213]]\n\n [[0.045 0.441 0.272 0.026 0.217]\n  [0.065 0.381 0.231 0.036 0.287]\n  [0.084 0.298 0.071 0.309 0.237]]\n\n [[0.004 0.301 0.164 0.233 0.299]\n  [0.118 0.026 0.412 0.298 0.145]\n  [0.117 0.057 0.331 0.388 0.107]]]\n\n\u001b[1m40th place:\u001b[0m\nID: gen_0_009\nScore: 1214.054\nGenes:\n[[[0.281 0.104 0.288 0.107 0.221]\n  [0.069 0.098 0.384 0.216 0.233]\n  [0.313 0.213 0.109 0.147 0.218]]\n\n [[0.427 0.111 0.327 0.131 0.005]\n  [0.476 0.086 0.171 0.043 0.225]\n  [0.193 0.156 0.379 0.169 0.103]]\n\n [[0.476 0.238 0.117 0.112 0.058]\n  [0.295 0.03  0.28  0.175 0.22 ]\n  [0.161 0.542 0.059 0.127 0.11 ]]]\n\n\u001b[1m41st place:\u001b[0m\nID: gen_0_029\nScore: 1221.736\nGenes:\n[[[0.332 0.122 0.332 0.059 0.155]\n  [0.279 0.24  0.255 0.111 0.115]\n  [0.227 0.165 0.223 0.282 0.104]]\n\n [[0.261 0.152 0.337 0.114 0.136]\n  [0.087 0.272 0.155 0.227 0.259]\n  [0.255 0.147 0.058 0.261 0.279]]\n\n [[0.258 0.25  0.2   0.292 0.   ]\n  [0.283 0.036 0.277 0.256 0.149]\n  [0.213 0.318 0.236 0.12  0.112]]]\n\n\u001b[1m42nd place:\u001b[0m\nID: gen_0_015\nScore: 1223.032\nGenes:\n[[[0.346 0.278 0.064 0.282 0.03 ]\n  [0.371 0.289 0.081 0.03  0.228]\n  [0.081 0.262 0.275 0.054 0.329]]\n\n [[0.164 0.409 0.025 0.176 0.226]\n  [0.135 0.298 0.025 0.233 0.309]\n  [0.072 0.317 0.398 0.199 0.014]]\n\n [[0.165 0.325 0.142 0.085 0.283]\n  [0.155 0.111 0.262 0.213 0.259]\n  [0.101 0.213 0.371 0.247 0.067]]]\n\n\u001b[1m43rd place:\u001b[0m\nID: gen_0_027\nScore: 1224.632\nGenes:\n[[[0.37  0.217 0.234 0.06  0.119]\n  [0.046 0.026 0.184 0.303 0.441]\n  [0.312 0.183 0.004 0.108 0.392]]\n\n [[0.215 0.215 0.153 0.258 0.16 ]\n  [0.329 0.092 0.048 0.353 0.179]\n  [0.021 0.305 0.094 0.197 0.382]]\n\n [[0.206 0.05  0.408 0.055 0.28 ]\n  [0.221 0.24  0.262 0.161 0.115]\n  [0.267 0.352 0.238 0.014 0.128]]]\n\n\u001b[1m44th place:\u001b[0m\nID: gen_0_019\nScore: 1226.028\nGenes:\n[[[0.204 0.099 0.105 0.291 0.3  ]\n  [0.323 0.173 0.114 0.15  0.241]\n  [0.011 0.274 0.061 0.358 0.296]]\n\n [[0.015 0.355 0.355 0.214 0.061]\n  [0.189 0.091 0.321 0.346 0.053]\n  [0.225 0.256 0.173 0.128 0.218]]\n\n [[0.269 0.102 0.136 0.269 0.224]\n  [0.094 0.252 0.291 0.162 0.201]\n  [0.264 0.139 0.101 0.261 0.236]]]\n\n\u001b[1m45th place:\u001b[0m\nID: gen_0_005\nScore: 1226.877\nGenes:\n[[[0.331 0.172 0.148 0.079 0.269]\n  [0.18  0.096 0.295 0.27  0.158]\n  [0.28  0.261 0.234 0.05  0.174]]\n\n [[0.005 0.01  0.281 0.408 0.296]\n  [0.004 0.004 0.392 0.228 0.371]\n  [0.452 0.457 0.    0.086 0.005]]\n\n [[0.183 0.151 0.313 0.109 0.243]\n  [0.11  0.238 0.192 0.263 0.196]\n  [0.066 0.154 0.095 0.282 0.402]]]\n\n\u001b[1m46th place:\u001b[0m\nID: gen_0_003\nScore: 1229.042\nGenes:\n[[[0.028 0.354 0.252 0.041 0.325]\n  [0.063 0.306 0.306 0.288 0.036]\n  [0.185 0.125 0.028 0.333 0.329]]\n\n [[0.076 0.228 0.221 0.324 0.152]\n  [0.188 0.268 0.111 0.302 0.132]\n  [0.229 0.243 0.092 0.173 0.264]]\n\n [[0.357 0.597 0.016 0.    0.031]\n  [0.416 0.061 0.121 0.037 0.364]\n  [0.052 0.33  0.152 0.281 0.185]]]\n\n\u001b[1m47th place:\u001b[0m\nID: gen_0_011\nScore: 1237.054\nGenes:\n[[[0.22  0.064 0.323 0.202 0.191]\n  [0.331 0.331 0.227 0.082 0.03 ]\n  [0.109 0.    0.564 0.    0.327]]\n\n [[0.388 0.192 0.359 0.    0.061]\n  [0.219 0.23  0.226 0.248 0.077]\n  [0.337 0.242 0.275 0.092 0.055]]\n\n [[0.169 0.287 0.189 0.095 0.26 ]\n  [0.253 0.189 0.128 0.259 0.17 ]\n  [0.202 0.223 0.045 0.265 0.265]]]\n\n\u001b[1m48th place:\u001b[0m\nID: gen_7_005\nScore: 1238.835\nGenes:\n[[[0.263 0.147 0.232 0.115 0.242]\n  [0.347 0.148 0.176 0.194 0.135]\n  [0.317 0.111 0.209 0.176 0.187]]\n\n [[0.155 0.39  0.274 0.034 0.147]\n  [0.171 0.37  0.118 0.153 0.188]\n  [0.136 0.328 0.148 0.155 0.233]]\n\n [[0.159 0.215 0.231 0.188 0.208]\n  [0.172 0.097 0.43  0.157 0.143]\n  [0.    0.277 0.287 0.302 0.133]]]\n\n\u001b[1m49th place:\u001b[0m\nID: gen_1_005\nScore: 1239.639\nGenes:\n[[[0.27  0.266 0.141 0.188 0.135]\n  [0.104 0.228 0.277 0.076 0.314]\n  [0.215 0.185 0.178 0.195 0.228]]\n\n [[0.149 0.349 0.121 0.115 0.266]\n  [0.15  0.135 0.186 0.417 0.112]\n  [0.267 0.311 0.216 0.197 0.008]]\n\n [[0.25  0.051 0.321 0.158 0.22 ]\n  [0.178 0.234 0.257 0.264 0.068]\n  [0.13  0.264 0.223 0.265 0.119]]]\n\n\u001b[1m50th place:\u001b[0m\nID: gen_0_024\nScore: 1239.796\nGenes:\n[[[0.263 0.095 0.256 0.069 0.317]\n  [0.558 0.11  0.064 0.267 0.   ]\n  [0.374 0.055 0.265 0.155 0.151]]\n\n [[0.046 0.452 0.347 0.009 0.146]\n  [0.056 0.551 0.101 0.045 0.247]\n  [0.087 0.413 0.01  0.115 0.375]]\n\n [[0.004 0.294 0.227 0.22  0.255]\n  [0.119 0.059 0.548 0.104 0.17 ]\n  [0.121 0.111 0.304 0.307 0.157]]]\n\n\u001b[1m51st place:\u001b[0m\nID: gen_0_010\nScore: 1242.849\nGenes:\n[[[0.207 0.237 0.039 0.251 0.267]\n  [0.198 0.094 0.261 0.188 0.258]\n  [0.197 0.094 0.224 0.244 0.24 ]]\n\n [[0.078 0.213 0.213 0.317 0.179]\n  [0.224 0.18  0.303 0.061 0.232]\n  [0.216 0.352 0.026 0.19  0.216]]\n\n [[0.015 0.254 0.019 0.36  0.352]\n  [0.16  0.34  0.188 0.135 0.177]\n  [0.167 0.133 0.322 0.2   0.178]]]\n\n\u001b[1m52nd place:\u001b[0m\nID: gen_6_003\nScore: 1244.086\nGenes:\n[[[0.189 0.143 0.204 0.171 0.293]\n  [0.228 0.136 0.108 0.359 0.17 ]\n  [0.351 0.093 0.228 0.11  0.218]]\n\n [[0.209 0.263 0.279 0.027 0.222]\n  [0.198 0.327 0.199 0.031 0.246]\n  [0.062 0.305 0.073 0.317 0.243]]\n\n [[0.113 0.205 0.161 0.228 0.293]\n  [0.115 0.026 0.413 0.299 0.146]\n  [0.089 0.058 0.342 0.401 0.11 ]]]\n\n\u001b[1m53rd place:\u001b[0m\nID: gen_3_006\nScore: 1248.162\nGenes:\n[[[0.23  0.1   0.267 0.072 0.331]\n  [0.428 0.143 0.083 0.346 0.   ]\n  [0.374 0.055 0.265 0.155 0.151]]\n\n [[0.289 0.337 0.259 0.007 0.109]\n  [0.188 0.473 0.087 0.039 0.213]\n  [0.087 0.413 0.01  0.115 0.375]]\n\n [[0.145 0.253 0.195 0.189 0.219]\n  [0.223 0.052 0.483 0.091 0.15 ]\n  [0.121 0.111 0.304 0.307 0.157]]]\n\n\u001b[1m54th place:\u001b[0m\nID: gen_0_004\nScore: 1251.63\nGenes:\n[[[0.203 0.31  0.167 0.31  0.01 ]\n  [0.467 0.111 0.07  0.211 0.141]\n  [0.17  0.058 0.15  0.34  0.282]]\n\n [[0.324 0.103 0.248 0.156 0.168]\n  [0.347 0.318 0.028 0.153 0.153]\n  [0.148 0.286 0.1   0.21  0.255]]\n\n [[0.271 0.262 0.182 0.286 0.   ]\n  [0.111 0.261 0.325 0.009 0.295]\n  [0.351 0.129 0.04  0.302 0.178]]]\n\n\u001b[1m55th place:\u001b[0m\nID: gen_0_002\nScore: 1260.071\nGenes:\n[[[0.476 0.208 0.292 0.018 0.006]\n  [0.024 0.257 0.015 0.257 0.447]\n  [0.254 0.07  0.365 0.176 0.135]]\n\n [[0.215 0.179 0.291 0.038 0.276]\n  [0.159 0.047 0.241 0.261 0.292]\n  [0.177 0.113 0.244 0.23  0.235]]\n\n [[0.211 0.093 0.101 0.356 0.239]\n  [0.211 0.147 0.074 0.232 0.337]\n  [0.348 0.277 0.032 0.344 0.   ]]]\n\n\u001b[1m56th place:\u001b[0m\nID: gen_0_023\nScore: 1265.846\nGenes:\n[[[0.25  0.297 0.138 0.224 0.091]\n  [0.079 0.272 0.272 0.012 0.366]\n  [0.193 0.159 0.159 0.243 0.245]]\n\n [[0.197 0.462 0.068 0.017 0.256]\n  [0.199 0.179 0.117 0.48  0.026]\n  [0.206 0.263 0.288 0.234 0.009]]\n\n [[0.272 0.017 0.324 0.174 0.213]\n  [0.2   0.232 0.279 0.264 0.025]\n  [0.151 0.301 0.265 0.259 0.024]]]\n\n\u001b[1m57th place:\u001b[0m\nID: gen_0_021\nScore: 1273.653\nGenes:\n[[[0.276 0.31  0.139 0.204 0.071]\n  [0.192 0.663 0.    0.038 0.106]\n  [0.305 0.154 0.113 0.164 0.264]]\n\n [[0.348 0.172 0.102 0.281 0.098]\n  [0.135 0.249 0.161 0.273 0.182]\n  [0.19  0.243 0.324 0.101 0.142]]\n\n [[0.    0.03  0.419 0.218 0.333]\n  [0.16  0.191 0.295 0.045 0.309]\n  [0.097 0.309 0.277 0.313 0.004]]]\n\n\u001b[1m58th place:\u001b[0m\nID: gen_0_022\nScore: 1279.152\nGenes:\n[[[0.159 0.083 0.369 0.35  0.038]\n  [0.011 0.125 0.097 0.21  0.557]\n  [0.053 0.238 0.332 0.102 0.275]]\n\n [[0.134 0.197 0.056 0.299 0.313]\n  [0.242 0.135 0.09  0.067 0.466]\n  [0.131 0.366 0.049 0.361 0.093]]\n\n [[0.376 0.323 0.125 0.027 0.148]\n  [0.374 0.187 0.183 0.023 0.233]\n  [0.084 0.211 0.326 0.195 0.185]]]\n\n\u001b[1m59th place:\u001b[0m\nID: gen_0_014\nScore: 1288.464\nGenes:\n[[[0.341 0.101 0.056 0.213 0.289]\n  [0.337 0.326 0.046 0.222 0.069]\n  [0.203 0.419 0.047 0.254 0.076]]\n\n [[0.292 0.031 0.272 0.105 0.3  ]\n  [0.303 0.165 0.265 0.048 0.219]\n  [0.366 0.041 0.09  0.19  0.313]]\n\n [[0.406 0.213 0.09  0.061 0.23 ]\n  [0.168 0.23  0.181 0.252 0.168]\n  [0.056 0.407 0.017 0.147 0.372]]]\n\n\u001b[1m60th place:\u001b[0m\nID: gen_0_006\nScore: 1294.071\nGenes:\n[[[0.251 0.309 0.036 0.055 0.349]\n  [0.195 0.157 0.186 0.214 0.249]\n  [0.015 0.144 0.439 0.265 0.136]]\n\n [[0.31  0.23  0.063 0.066 0.331]\n  [0.304 0.222 0.139 0.17  0.165]\n  [0.34  0.    0.042 0.382 0.235]]\n\n [[0.312 0.174 0.078 0.106 0.33 ]\n  [0.165 0.394 0.024 0.06  0.357]\n  [0.5   0.008 0.    0.398 0.093]]]\n\n\u001b[1m61st place:\u001b[0m\nID: gen_0_012\nScore: 1299.693\nGenes:\n[[[0.157 0.28  0.127 0.33  0.107]\n  [0.32  0.076 0.031 0.234 0.34 ]\n  [0.161 0.249 0.459 0.044 0.088]]\n\n [[0.256 0.426 0.    0.305 0.013]\n  [0.072 0.11  0.378 0.005 0.435]\n  [0.13  0.378 0.349 0.097 0.046]]\n\n [[0.237 0.164 0.155 0.155 0.29 ]\n  [0.215 0.18  0.047 0.283 0.275]\n  [0.14  0.17  0.319 0.183 0.188]]]\n\n\u001b[1m62nd place:\u001b[0m\nID: gen_0_018\nScore: 1329.448\nGenes:\n[[[0.125 0.25  0.066 0.371 0.188]\n  [0.037 0.312 0.093 0.23  0.327]\n  [0.29  0.198 0.089 0.164 0.259]]\n\n [[0.13  0.393 0.397 0.    0.081]\n  [0.181 0.017 0.305 0.268 0.228]\n  [0.54  0.023 0.011 0.299 0.126]]\n\n [[0.165 0.114 0.231 0.231 0.259]\n  [0.064 0.337 0.309 0.289 0.   ]\n  [0.214 0.188 0.325 0.013 0.261]]]\n\n\u001b[1m63rd place:\u001b[0m\nID: gen_0_028\nScore: 1346.866\nGenes:\n[[[0.284 0.364 0.12  0.032 0.2  ]\n  [0.104 0.286 0.145 0.149 0.316]\n  [0.103 0.227 0.    0.464 0.206]]\n\n [[0.279 0.11  0.166 0.27  0.176]\n  [0.    0.298 0.255 0.26  0.188]\n  [0.069 0.098 0.225 0.353 0.255]]\n\n [[0.038 0.343 0.239 0.263 0.117]\n  [0.161 0.137 0.249 0.096 0.357]\n  [0.372 0.186 0.005 0.03  0.407]]]\n\n\u001b[1m64th place:\u001b[0m\nID: gen_0_016\nScore: 1404.785\nGenes:\n[[[0.277 0.173 0.058 0.277 0.216]\n  [0.341 0.216 0.    0.011 0.432]\n  [0.311 0.208 0.212 0.082 0.188]]\n\n [[0.184 0.213 0.029 0.328 0.247]\n  [0.196 0.138 0.196 0.267 0.204]\n  [0.068 0.271 0.288 0.253 0.12 ]]\n\n [[0.471 0.087 0.091 0.269 0.082]\n  [0.305 0.318 0.086 0.093 0.199]\n  [0.    0.34  0.013 0.096 0.551]]]\n\n"
     ]
    }
   ],
   "source": [
    "ordinal = lambda n: \"%d%s\" % (n,\"tsnrhtdd\"[(n//10%10!=1)*(n%10<4)*n%10::4])\n",
    "print(\"Strategy_count:\")\n",
    "print(f\"{utils.tcolors.BOLD}{'#':<3} {'U':<5}{'D':<5}{'N':<5}{utils.tcolors.ENDC}\")\n",
    "for trend_count in range(6):\n",
    "    strategy_count = individuals[0].strategy_count\n",
    "    print(f\"{trend_count+1:<2}| {strategy_count['U'][trend_count]:<5}{strategy_count['D'][trend_count]:<5}{strategy_count['N'][trend_count]:<5}\")\n",
    "print()\n",
    "for ix, i in enumerate(sorted(individuals, key=lambda x: x.mean_score)):\n",
    "    print(f\"{utils.tcolors.BOLD}{ordinal(ix+1)} place:{utils.tcolors.ENDC}\")\n",
    "    print(f\"ID: {i.ID}\")\n",
    "    print(f\"Score: {np.round(i.mean_score, 3)}\")\n",
    "    print(f\"Genes:\\n{np.round(i.genes, 3)}\")\n",
    "    print()"
   ]
  },
  {
   "cell_type": "code",
   "execution_count": 142,
   "metadata": {},
   "outputs": [
    {
     "output_type": "stream",
     "name": "stdout",
     "text": [
      "[0.         0.04166667 0.75       0.20833333 0.        ]\n"
     ]
    }
   ],
   "source": [
    "genes = np.sum(individuals[0].genes, axis=(0,1))\n",
    "norm = np.sum(genes)\n",
    "norm_genes = np.divide(genes, norm)\n",
    "print(norm_genes)"
   ]
  },
  {
   "source": [
    "## Generation Means"
   ],
   "cell_type": "markdown",
   "metadata": {}
  },
  {
   "cell_type": "code",
   "execution_count": 143,
   "metadata": {},
   "outputs": [
    {
     "output_type": "execute_result",
     "data": {
      "text/plain": [
       "                 deaths       infected     weighted           yll\n",
       "generation                                                       \n",
       "0           1237.552662  149798.655908  2735.539221  20035.685556\n",
       "1           1229.990651  149374.794408  2723.738595  19929.345161\n",
       "2           1224.894590  148675.101496  2711.645605  19828.896875\n",
       "3           1219.952490  148001.890272  2699.971392  19732.315152\n",
       "4           1216.300222  147484.277781  2691.142999  19657.136275\n",
       "5           1211.563397  146851.035195  2680.073749  19565.834286\n",
       "6           1205.698774  146142.921019  2667.127984  19459.269444\n",
       "7           1200.220909  145817.014921  2658.391059  19382.800000\n",
       "8           1198.649460  145546.763907  2654.117099  19347.972807\n",
       "9           1193.939520  145101.122988  2644.950750  19274.029915\n",
       "10          1190.013151  144783.340838  2637.846560  19215.553333\n",
       "11          1186.435693  144341.114801  2629.846841  19150.050407\n",
       "12          1182.120281  143946.790600  2621.588187  19082.669048\n",
       "13          1178.935654  143511.238921  2614.048043  19020.093798\n",
       "14          1175.153559  143126.239847  2606.415958  18958.740152\n",
       "15          1171.771963  142843.502418  2600.206987  18906.130370\n",
       "16          1169.027481  142493.936496  2593.966846  18855.510145\n",
       "17          1165.630762  142163.968573  2587.270448  18801.192199\n",
       "18          1163.459547  141904.986310  2582.509411  18762.538194\n",
       "19          1160.462079  141580.846387  2576.270543  18711.440136\n",
       "20          1157.967443  141269.453703  2570.661980  18665.806667\n",
       "21          1155.661290  140978.841023  2565.449700  18624.295425\n",
       "22          1153.178040  140738.767174  2560.565712  18583.908974\n",
       "23          1149.744554  140408.268675  2553.827241  18528.944025\n",
       "24          1147.073350  140142.896359  2548.502314  18485.923457\n",
       "25          1144.953902  139851.768813  2543.471590  18443.850909\n",
       "26          1142.565303  139586.595194  2538.431255  18403.932143\n",
       "27          1140.371270  139354.959255  2533.920862  18367.586550\n",
       "28          1138.268582  139074.446513  2529.013048  18326.718391\n",
       "29          1136.374481  138822.889350  2524.603375  18291.081356\n",
       "30          1135.203601  138646.835957  2521.671961  18266.946111\n",
       "31          1133.194344  138412.018915  2517.314533  18231.911475\n",
       "32          1131.918494  138250.053049  2514.419024  18209.103226\n",
       "33          1130.238378  138073.504419  2510.973422  18181.479894\n",
       "34          1128.718403  137849.405363  2507.212457  18150.357813\n",
       "35          1127.323697  137649.952131  2503.823218  18121.849231\n",
       "36          1125.238596  137468.686852  2499.925464  18090.614141\n",
       "37          1123.421025  137282.373467  2496.244760  18060.987562\n",
       "38          1121.985975  137114.555765  2493.131533  18035.881863\n",
       "39          1120.526344  136991.784284  2490.444187  18013.745411\n",
       "40          1119.341665  136901.059095  2488.352256  17996.637619\n",
       "41          1118.197551  136731.350106  2485.511052  17972.847418\n",
       "42          1116.846778  136602.830240  2482.875081  17951.867130\n",
       "43          1115.812629  136452.508287  2480.337712  17931.784018\n",
       "44          1114.683642  136319.339594  2477.877038  17912.296396\n",
       "45          1113.526177  136188.106461  2475.407241  17892.372000\n",
       "46          1112.484310  136030.160751  2472.785917  17870.385088\n",
       "47          1111.020849  135851.593261  2469.536781  17844.095671\n",
       "48          1109.702029  135749.820928  2467.200238  17824.670940\n",
       "49          1108.465667  135629.184485  2464.757512  17805.156118\n",
       "50          1107.665522  135568.979132  2463.355314  17794.161667\n",
       "51          1106.592410  135428.004951  2460.872460  17774.092181\n",
       "52          1105.647663  135296.633622  2458.613999  17755.541463\n",
       "53          1104.728326  135168.805377  2456.416379  17737.643373\n",
       "54          1103.943014  135095.606241  2454.899077  17725.655556\n",
       "55          1103.330091  134998.349995  2453.313591  17712.507059"
      ],
