{
 "metadata": {
  "language_info": {
   "codemirror_mode": {
    "name": "ipython",
    "version": 3
   },
   "file_extension": ".py",
   "mimetype": "text/x-python",
   "name": "python",
   "nbconvert_exporter": "python",
   "pygments_lexer": "ipython3",
   "version": "3.8.0"
  },
  "orig_nbformat": 2,
  "kernelspec": {
   "name": "python380jvsc74a57bd0d1135e85b24d6fc36dc6a0cb37a446f4ea6c1d1c5d9ce7e53624fd1bcca00fa0",
   "display_name": "Python 3.8.0 64-bit ('epidemics': conda)"
  }
 },
 "nbformat": 4,
 "nbformat_minor": 2,
 "cells": [
  {
   "cell_type": "code",
   "execution_count": 182,
   "metadata": {},
   "outputs": [],
   "source": [
    "import os\n",
    "import utils\n",
    "import numpy as np\n",
    "import pandas as pd"
   ]
  },
  {
   "cell_type": "code",
   "execution_count": 183,
   "metadata": {},
   "outputs": [],
   "source": [
    "def read_all_results(dir_path):\n",
    "    paths = os.listdir(dir_path)\n",
    "    last_gens = []\n",
    "    for i in range(len(paths)):\n",
    "        path = dir_path + paths[i]\n",
    "        try:\n",
    "            last_gen = sorted(map(lambda x: x.split(\"_\"), \n",
    "                            os.listdir(f\"{path}/individuals/\")), \n",
    "                            key=lambda x: int(x[1].split(\".\")[0]))[-1][-1][:-4]\n",
    "            print(f\"Path: {paths[i]}, last generation: {int(last_gen)}\")\n",
    "            last_gens.append(int(last_gen))\n",
    "        except:\n",
    "            continue\n",
    "    return paths, last_gens"
   ]
  },
  {
   "cell_type": "code",
   "execution_count": 184,
   "metadata": {},
   "outputs": [
    {
     "output_type": "stream",
     "name": "stdout",
     "text": [
      "Path: GA_2021_05_30_17_14_02, last generation: 11\nPath: GA_2021_05_29_19_40_35, last generation: 21\nPath: GA_2021_05_29_19_40_57, last generation: 21\nPath: GA_2021_05_29_19_39_23, last generation: 21\nPath: GA_2021_05_29_19_41_17, last generation: 21\nPath: GA_2021_05_29_19_41_37, last generation: 21\nPath: GA_2021_05_29_19_42_29, last generation: 21\n"
     ]
    }
   ],
   "source": [
    "dir_path = \"results/\"\n",
    "paths, last_gens = read_all_results(dir_path)"
   ]
  },
  {
   "cell_type": "code",
   "execution_count": 200,
   "metadata": {},
   "outputs": [],
   "source": [
    "run = 6\n",
    "gen = 21\n",
    "path = dir_path + paths[run]\n",
    "\n",
    "individuals_path =  f\"{path}/individuals/individuals_{gen}.pkl\"\n",
    "score_path       =  f\"{path}/final_scores/final_score_{gen}.pkl\"\n",
    "overview_path    =  f\"{path}/generation_overview.csv\"\n",
    "\n",
    "final_score = utils.read_pickle(score_path)\n",
    "individuals = utils.read_pickle(individuals_path)\n",
    "overview = pd.read_csv(overview_path)"
   ]
  },
  {
   "cell_type": "code",
   "execution_count": 201,
   "metadata": {},
   "outputs": [
    {
     "output_type": "stream",
     "name": "stdout",
     "text": [
      "{\n    \"objective\": \"yll\",\n    \"simulations\": 20,\n    \"process\": {\n        \"horizon\": 74,\n        \"decision_period\": 28,\n        \"policy\": \"weighted\"\n    },\n    \"population_size\": 30,\n    \"random_individuals\": true,\n    \"min_generations\": 30\n}\n"
     ]
    }
   ],
   "source": [
    "with open(dir_path + paths[run] + \"/run_params.json\", \"r\") as file:\n",
    "    print(file.read())\n",
    "    file.close()"
   ]
  },
  {
   "cell_type": "code",
   "execution_count": 202,
   "metadata": {
    "tags": []
   },
   "outputs": [
    {
     "output_type": "stream",
     "name": "stdout",
     "text": [
      "Strategy_count:\n\u001b[1m#   U    D    N    \u001b[0m\n1 | 7    20   20   \n2 | 1    20   20   \n3 | 0    13   18   \n\n\u001b[1m1st place:\u001b[0m\nID: gen_2_002\nScore: 27286.4\nGenes:\n[[[0.421 0.222 0.154 0.176 0.027]\n  [0.22  0.013 0.381 0.292 0.093]\n  [0.066 0.066 0.401 0.112 0.356]]\n\n [[0.036 0.071 0.26  0.204 0.429]\n  [0.175 0.213 0.347 0.022 0.243]\n  [0.205 0.21  0.376 0.145 0.063]]\n\n [[0.049 0.082 0.346 0.302 0.22 ]\n  [0.037 0.043 0.506 0.195 0.219]\n  [0.243 0.035 0.273 0.435 0.013]]]\n\n\u001b[1m2nd place:\u001b[0m\nID: gen_11_009\nScore: 27360.45\nGenes:\n[[[0.363 0.223 0.133 0.132 0.149]\n  [0.248 0.045 0.342 0.269 0.096]\n  [0.07  0.16  0.329 0.105 0.336]]\n\n [[0.111 0.087 0.309 0.155 0.337]\n  [0.235 0.228 0.307 0.025 0.206]\n  [0.21  0.239 0.377 0.127 0.048]]\n\n [[0.105 0.081 0.332 0.291 0.191]\n  [0.125 0.047 0.432 0.201 0.194]\n  [0.239 0.043 0.268 0.386 0.063]]]\n\n\u001b[1m3rd place:\u001b[0m\nID: gen_0_018\nScore: 27383.9\nGenes:\n[[[0.273 0.    0.154 0.19  0.383]\n  [0.03  0.205 0.155 0.3   0.31 ]\n  [0.029 0.347 0.163 0.31  0.151]]\n\n [[0.357 0.269 0.231 0.11  0.033]\n  [0.249 0.249 0.208 0.17  0.126]\n  [0.084 0.021 0.377 0.251 0.268]]\n\n [[0.217 0.44  0.183 0.091 0.069]\n  [0.228 0.139 0.282 0.178 0.172]\n  [0.264 0.151 0.169 0.187 0.228]]]\n\n\u001b[1m4th place:\u001b[0m\nID: gen_6_005\nScore: 27396.25\nGenes:\n[[[0.441 0.184 0.161 0.185 0.028]\n  [0.22  0.013 0.381 0.292 0.093]\n  [0.063 0.063 0.382 0.106 0.386]]\n\n [[0.036 0.071 0.26  0.204 0.429]\n  [0.212 0.203 0.332 0.021 0.232]\n  [0.193 0.198 0.353 0.136 0.12 ]]\n\n [[0.049 0.082 0.346 0.302 0.22 ]\n  [0.04  0.043 0.504 0.194 0.219]\n  [0.236 0.034 0.266 0.423 0.04 ]]]\n\n\u001b[1m5th place:\u001b[0m\nID: gen_14_003\nScore: 27408.5\nGenes:\n[[[0.325 0.273 0.128 0.121 0.153]\n  [0.255 0.049 0.274 0.28  0.142]\n  [0.239 0.036 0.23  0.188 0.307]]\n\n [[0.145 0.107 0.247 0.228 0.272]\n  [0.319 0.246 0.224 0.01  0.201]\n  [0.157 0.115 0.335 0.178 0.216]]\n\n [[0.062 0.105 0.307 0.267 0.259]\n  [0.075 0.119 0.374 0.211 0.221]\n  [0.144 0.135 0.288 0.272 0.161]]]\n\n\u001b[1m6th place:\u001b[0m\nID: gen_9_001\nScore: 27424.8\nGenes:\n[[[0.421 0.222 0.154 0.176 0.027]\n  [0.206 0.012 0.357 0.274 0.151]\n  [0.066 0.066 0.401 0.112 0.356]]\n\n [[0.036 0.071 0.26  0.204 0.429]\n  [0.171 0.338 0.339 0.022 0.13 ]\n  [0.208 0.213 0.381 0.147 0.05 ]]\n\n [[0.057 0.095 0.245 0.349 0.254]\n  [0.054 0.047 0.558 0.215 0.127]\n  [0.243 0.035 0.273 0.435 0.013]]]\n\n\u001b[1m7th place:\u001b[0m\nID: gen_1_012\nScore: 27546.75\nGenes:\n[[[0.433 0.27  0.084 0.045 0.169]\n  [0.177 0.338 0.323 0.058 0.104]\n  [0.319 0.544 0.063 0.069 0.006]]\n\n [[0.045 0.497 0.022 0.335 0.103]\n  [0.336 0.153 0.14  0.203 0.168]\n  [0.283 0.242 0.065 0.233 0.177]]\n\n [[0.072 0.034 0.034 0.435 0.425]\n  [0.198 0.034 0.353 0.336 0.078]\n  [0.319 0.022 0.314 0.258 0.087]]]\n\n\u001b[1m8th place:\u001b[0m\nID: gen_15_013\nScore: 27594.75\nGenes:\n[[[0.421 0.222 0.154 0.176 0.027]\n  [0.213 0.012 0.369 0.283 0.122]\n  [0.059 0.059 0.363 0.101 0.417]]\n\n [[0.036 0.071 0.26  0.204 0.429]\n  [0.173 0.275 0.343 0.022 0.186]\n  [0.175 0.179 0.319 0.165 0.162]]\n\n [[0.053 0.089 0.296 0.325 0.237]\n  [0.053 0.047 0.553 0.213 0.135]\n  [0.23  0.033 0.258 0.411 0.067]]]\n\n\u001b[1m9th place:\u001b[0m\nID: gen_4_005\nScore: 27624.1\nGenes:\n[[[0.419 0.184 0.171 0.203 0.023]\n  [0.183 0.021 0.311 0.324 0.162]\n  [0.089 0.094 0.339 0.037 0.441]]\n\n [[0.127 0.092 0.214 0.213 0.354]\n  [0.23  0.216 0.338 0.031 0.184]\n  [0.154 0.124 0.252 0.16  0.31 ]]\n\n [[0.102 0.092 0.359 0.23  0.217]\n  [0.091 0.093 0.423 0.202 0.191]\n  [0.214 0.025 0.266 0.363 0.132]]]\n\n\u001b[1m10th place:\u001b[0m\nID: gen_0_014\nScore: 27627.85\nGenes:\n[[[0.191 0.226 0.07  0.    0.513]\n  [0.331 0.142 0.223 0.2   0.104]\n  [0.081 0.444 0.111 0.086 0.278]]\n\n [[0.338 0.133 0.457 0.01  0.062]\n  [0.412 0.273 0.185 0.032 0.097]\n  [0.224 0.325 0.38  0.072 0.   ]]\n\n [[0.274 0.076 0.289 0.258 0.103]\n  [0.39  0.061 0.212 0.221 0.117]\n  [0.229 0.067 0.254 0.238 0.213]]]\n\n\u001b[1m11th place:\u001b[0m\nID: gen_0_022\nScore: 27634.25\nGenes:\n[[[0.414 0.073 0.223 0.282 0.009]\n  [0.071 0.044 0.099 0.418 0.368]\n  [0.159 0.175 0.236 0.293 0.138]]\n\n [[0.026 0.191 0.166 0.332 0.285]\n  [0.396 0.227 0.311 0.058 0.009]\n  [0.149 0.017 0.154 0.309 0.371]]\n\n [[0.26  0.12  0.399 0.014 0.207]\n  [0.22  0.245 0.193 0.231 0.111]\n  [0.208 0.003 0.336 0.291 0.163]]]\n\n\u001b[1m12th place:\u001b[0m\nID: gen_12_011\nScore: 27642.15\nGenes:\n[[[0.417 0.223 0.155 0.178 0.027]\n  [0.063 0.011 0.336 0.258 0.331]\n  [0.066 0.066 0.401 0.112 0.356]]\n\n [[0.026 0.072 0.263 0.206 0.433]\n  [0.324 0.174 0.284 0.018 0.199]\n  [0.286 0.293 0.13  0.202 0.088]]\n\n [[0.215 0.068 0.286 0.25  0.182]\n  [0.186 0.036 0.428 0.165 0.185]\n  [0.243 0.035 0.273 0.435 0.013]]]\n\n\u001b[1m13th place:\u001b[0m\nID: gen_0_001\nScore: 27645.85\nGenes:\n[[[0.226 0.357 0.299 0.036 0.081]\n  [0.17  0.188 0.188 0.319 0.135]\n  [0.088 0.311 0.093 0.093 0.415]]\n\n [[0.177 0.168 0.132 0.232 0.29 ]\n  [0.268 0.126 0.293 0.146 0.167]\n  [0.022 0.276 0.382 0.066 0.254]]\n\n [[0.149 0.247 0.294 0.064 0.247]\n  [0.175 0.004 0.237 0.18  0.404]\n  [0.031 0.218 0.302 0.151 0.298]]]\n\n\u001b[1m14th place:\u001b[0m\nID: gen_17_003\nScore: 27681.1\nGenes:\n[[[0.414 0.19  0.163 0.207 0.026]\n  [0.219 0.029 0.367 0.307 0.078]\n  [0.089 0.077 0.367 0.123 0.344]]\n\n [[0.033 0.09  0.263 0.191 0.423]\n  [0.171 0.186 0.343 0.048 0.251]\n  [0.241 0.194 0.29  0.19  0.084]]\n\n [[0.079 0.107 0.339 0.271 0.203]\n  [0.045 0.061 0.47  0.199 0.225]\n  [0.255 0.031 0.259 0.417 0.039]]]\n\n\u001b[1m15th place:\u001b[0m\nID: gen_5_003\nScore: 27687.4\nGenes:\n[[[0.421 0.222 0.154 0.176 0.027]\n  [0.241 0.014 0.417 0.232 0.096]\n  [0.22  0.15  0.294 0.06  0.276]]\n\n [[0.036 0.071 0.26  0.204 0.429]\n  [0.19  0.231 0.377 0.056 0.146]\n  [0.142 0.149 0.301 0.216 0.192]]\n\n [[0.047 0.078 0.329 0.287 0.258]\n  [0.043 0.038 0.45  0.231 0.238]\n  [0.207 0.204 0.271 0.238 0.08 ]]]\n\n\u001b[1m16th place:\u001b[0m\nID: gen_0_023\nScore: 27694.4\nGenes:\n[[[0.209 0.361 0.094 0.058 0.277]\n  [0.289 0.086 0.166 0.268 0.191]\n  [0.416 0.009 0.077 0.27  0.227]]\n\n [[0.255 0.143 0.234 0.253 0.115]\n  [0.27  0.345 0.169 0.    0.217]\n  [0.12  0.033 0.317 0.219 0.311]]\n\n [[0.075 0.127 0.269 0.231 0.299]\n  [0.11  0.196 0.243 0.227 0.224]\n  [0.018 0.205 0.245 0.287 0.245]]]\n\n\u001b[1m17th place:\u001b[0m\nID: gen_3_006\nScore: 27698.2\nGenes:\n[[[0.421 0.222 0.154 0.176 0.027]\n  [0.237 0.014 0.41  0.25  0.089]\n  [0.387 0.247 0.263 0.029 0.074]]\n\n [[0.036 0.071 0.26  0.204 0.429]\n  [0.205 0.249 0.406 0.091 0.049]\n  [0.129 0.139 0.317 0.322 0.094]]\n\n [[0.049 0.082 0.346 0.302 0.22 ]\n  [0.039 0.034 0.4   0.269 0.258]\n  [0.198 0.376 0.3   0.089 0.038]]]\n\n\u001b[1m18th place:\u001b[0m\nID: gen_16_006\nScore: 27706.35\nGenes:\n[[[0.436 0.005 0.222 0.305 0.031]\n  [0.321 0.18  0.267 0.184 0.049]\n  [0.203 0.079 0.299 0.121 0.298]]\n\n [[0.259 0.078 0.205 0.137 0.321]\n  [0.158 0.226 0.31  0.068 0.237]\n  [0.335 0.144 0.237 0.196 0.088]]\n\n [[0.051 0.007 0.412 0.298 0.231]\n  [0.238 0.163 0.3   0.14  0.16 ]\n  [0.302 0.025 0.232 0.379 0.062]]]\n\n\u001b[1m19th place:\u001b[0m\nID: gen_20_012\nScore: 27721.15\nGenes:\n[[[0.191 0.226 0.07  0.    0.513]\n  [0.219 0.029 0.367 0.307 0.078]\n  [0.089 0.077 0.367 0.123 0.344]]\n\n [[0.338 0.133 0.457 0.01  0.062]\n  [0.171 0.186 0.343 0.048 0.251]\n  [0.234 0.218 0.282 0.184 0.082]]\n\n [[0.274 0.076 0.289 0.258 0.103]\n  [0.047 0.063 0.485 0.205 0.2  ]\n  [0.255 0.031 0.259 0.417 0.039]]]\n\n\u001b[1m20th place:\u001b[0m\nID: gen_10_013\nScore: 27802.35\nGenes:\n[[[0.36  0.076 0.215 0.338 0.011]\n  [0.182 0.079 0.247 0.304 0.188]\n  [0.204 0.216 0.194 0.249 0.137]]\n\n [[0.02  0.207 0.225 0.214 0.333]\n  [0.214 0.126 0.338 0.146 0.177]\n  [0.293 0.034 0.095 0.38  0.198]]\n\n [[0.227 0.208 0.362 0.047 0.156]\n  [0.156 0.218 0.208 0.229 0.19 ]\n  [0.283 0.002 0.257 0.307 0.151]]]\n\n\u001b[1m21st place:\u001b[0m\nID: gen_0_015\nScore: 27846.25\nGenes:\n[[[0.307 0.079 0.207 0.394 0.012]\n  [0.286 0.149 0.386 0.178 0.   ]\n  [0.249 0.258 0.152 0.205 0.136]]\n\n [[0.015 0.223 0.284 0.096 0.381]\n  [0.033 0.025 0.365 0.234 0.344]\n  [0.448 0.052 0.    0.467 0.033]]\n\n [[0.194 0.295 0.325 0.08  0.105]\n  [0.091 0.192 0.222 0.227 0.268]\n  [0.358 0.    0.179 0.323 0.139]]]\n\n\u001b[1m22nd place:\u001b[0m\nID: gen_0_017\nScore: 27846.6\nGenes:\n[[[0.352 0.371 0.06  0.142 0.075]\n  [0.289 0.19  0.318 0.079 0.125]\n  [0.279 0.291 0.036 0.22  0.175]]\n\n [[0.361 0.137 0.129 0.114 0.259]\n  [0.306 0.245 0.156 0.177 0.116]\n  [0.156 0.177 0.231 0.136 0.299]]\n\n [[0.086 0.054 0.303 0.232 0.324]\n  [0.129 0.    0.095 0.381 0.395]\n  [0.319 0.103 0.25  0.191 0.137]]]\n\n\u001b[1m23rd place:\u001b[0m\nID: gen_19_003\nScore: 27930.95\nGenes:\n[[[0.474 0.274 0.173 0.048 0.031]\n  [0.231 0.013 0.399 0.262 0.095]\n  [0.141 0.106 0.338 0.083 0.331]]\n\n [[0.036 0.071 0.26  0.204 0.429]\n  [0.201 0.217 0.354 0.039 0.189]\n  [0.168 0.173 0.327 0.176 0.156]]\n\n [[0.048 0.08  0.338 0.295 0.239]\n  [0.153 0.036 0.422 0.188 0.202]\n  [0.227 0.12  0.252 0.34  0.061]]]\n\n\u001b[1m24th place:\u001b[0m\nID: gen_0_007\nScore: 27943.2\nGenes:\n[[[0.013 0.339 0.143 0.344 0.161]\n  [0.273 0.258 0.003 0.27  0.196]\n  [0.114 0.065 0.255 0.342 0.223]]\n\n [[0.169 0.352 0.042 0.254 0.183]\n  [0.212 0.176 0.104 0.196 0.312]\n  [0.082 0.249 0.203 0.249 0.218]]\n\n [[0.203 0.166 0.417 0.134 0.08 ]\n  [0.279 0.244 0.183 0.233 0.061]\n  [0.314 0.083 0.106 0.318 0.178]]]\n\n\u001b[1m25th place:\u001b[0m\nID: gen_13_006\nScore: 27976.45\nGenes:\n[[[0.441 0.184 0.161 0.185 0.028]\n  [0.22  0.013 0.381 0.292 0.093]\n  [0.07  0.07  0.429 0.12  0.311]]\n\n [[0.036 0.071 0.26  0.204 0.429]\n  [0.264 0.253 0.413 0.027 0.043]\n  [0.18  0.184 0.329 0.127 0.179]]\n\n [[0.049 0.082 0.346 0.302 0.22 ]\n  [0.04  0.043 0.504 0.194 0.219]\n  [0.191 0.187 0.215 0.342 0.065]]]\n\n\u001b[1m26th place:\u001b[0m\nID: gen_0_004\nScore: 28007.75\nGenes:\n[[[0.448 0.262 0.082 0.044 0.164]\n  [0.177 0.338 0.323 0.058 0.104]\n  [0.319 0.544 0.062 0.069 0.006]]\n\n [[0.237 0.397 0.017 0.267 0.082]\n  [0.382 0.173 0.023 0.231 0.191]\n  [0.283 0.242 0.065 0.233 0.177]]\n\n [[0.226 0.159 0.023 0.299 0.292]\n  [0.198 0.034 0.353 0.336 0.078]\n  [0.319 0.022 0.314 0.258 0.087]]]\n\n\u001b[1m27th place:\u001b[0m\nID: gen_0_011\nScore: 28040.05\nGenes:\n[[[0.157 0.25  0.186 0.321 0.086]\n  [0.325 0.081 0.344 0.138 0.112]\n  [0.13  0.294 0.198 0.158 0.22 ]]\n\n [[0.292 0.272 0.223 0.085 0.128]\n  [0.249 0.09  0.418 0.127 0.116]\n  [0.224 0.208 0.273 0.253 0.041]]\n\n [[0.309 0.    0.232 0.26  0.199]\n  [0.203 0.261 0.043 0.181 0.312]\n  [0.333 0.065 0.114 0.276 0.211]]]\n\n\u001b[1m28th place:\u001b[0m\nID: gen_21_002\nScore: 28072.6\nGenes:\n[[[0.285 0.274 0.19  0.218 0.034]\n  [0.226 0.013 0.39  0.299 0.072]\n  [0.112 0.088 0.333 0.135 0.332]]\n\n [[0.036 0.071 0.26  0.204 0.429]\n  [0.172 0.209 0.341 0.022 0.255]\n  [0.257 0.161 0.265 0.219 0.098]]\n\n [[0.049 0.082 0.346 0.302 0.22 ]\n  [0.04  0.035 0.415 0.16  0.35 ]\n  [0.267 0.026 0.244 0.398 0.065]]]\n\n\u001b[1m29th place:\u001b[0m\nID: gen_0_027\nScore: 28114.65\nGenes:\n[[[0.339 0.004 0.288 0.237 0.131]\n  [0.46  0.258 0.035 0.086 0.162]\n  [0.225 0.242 0.124 0.121 0.288]]\n\n [[0.336 0.102 0.115 0.234 0.214]\n  [0.173 0.247 0.247 0.199 0.133]\n  [0.375 0.19  0.12  0.278 0.037]]\n\n [[0.041 0.006 0.231 0.231 0.491]\n  [0.345 0.235 0.161 0.145 0.114]\n  [0.318 0.153 0.259 0.259 0.012]]]\n\n\u001b[1m30th place:\u001b[0m\nID: gen_7_006\nScore: 28156.7\nGenes:\n[[[0.403 0.255 0.147 0.169 0.026]\n  [0.22  0.013 0.381 0.292 0.093]\n  [0.063 0.063 0.382 0.106 0.386]]\n\n [[0.036 0.071 0.26  0.204 0.429]\n  [0.212 0.203 0.332 0.021 0.232]\n  [0.193 0.198 0.353 0.136 0.12 ]]\n\n [[0.049 0.082 0.346 0.302 0.22 ]\n  [0.04  0.043 0.504 0.194 0.219]\n  [0.247 0.036 0.232 0.443 0.042]]]\n\n\u001b[1m31st place:\u001b[0m\nID: gen_0_002\nScore: 28161.3\nGenes:\n[[[0.108 0.083 0.422 0.01  0.377]\n  [0.225 0.213 0.29  0.015 0.257]\n  [0.2   0.179 0.247 0.276 0.097]]\n\n [[0.184 0.224 0.269 0.184 0.139]\n  [0.433 0.383 0.089 0.033 0.061]\n  [0.312 0.285 0.146 0.028 0.229]]\n\n [[0.329 0.282 0.252 0.009 0.128]\n  [0.32  0.143 0.309 0.096 0.132]\n  [0.101 0.136 0.328 0.035 0.399]]]\n\n\u001b[1m32nd place:\u001b[0m\nID: gen_18_007\nScore: 28162.1\nGenes:\n[[[0.367 0.193 0.134 0.154 0.152]\n  [0.213 0.012 0.369 0.283 0.122]\n  [0.059 0.059 0.363 0.101 0.417]]\n\n [[0.036 0.071 0.26  0.204 0.429]\n  [0.173 0.275 0.343 0.022 0.186]\n  [0.032 0.21  0.375 0.193 0.19 ]]\n\n [[0.049 0.082 0.346 0.302 0.22 ]\n  [0.053 0.047 0.553 0.213 0.135]\n  [0.23  0.033 0.258 0.411 0.067]]]\n\n\u001b[1m33rd place:\u001b[0m\nID: gen_0_016\nScore: 28257.15\nGenes:\n[[[0.284 0.165 0.333 0.218 0.   ]\n  [0.045 0.156 0.387 0.226 0.185]\n  [0.471 0.2   0.119 0.048 0.162]]\n\n [[0.264 0.177 0.209 0.258 0.092]\n  [0.623 0.057 0.245 0.05  0.025]\n  [0.263 0.579 0.105 0.007 0.046]]\n\n [[0.232 0.229 0.139 0.215 0.184]\n  [0.327 0.03  0.214 0.06  0.369]\n  [0.209 0.179 0.179 0.071 0.362]]]\n\n\u001b[1m34th place:\u001b[0m\nID: gen_0_012\nScore: 28441.9\nGenes:\n[[[0.421 0.222 0.154 0.176 0.027]\n  [0.22  0.013 0.381 0.292 0.093]\n  [0.053 0.053 0.324 0.09  0.479]]\n\n [[0.036 0.071 0.26  0.204 0.429]\n  [0.175 0.213 0.347 0.022 0.243]\n  [0.156 0.16  0.285 0.11  0.289]]\n\n [[0.049 0.082 0.346 0.302 0.22 ]\n  [0.048 0.042 0.5   0.193 0.217]\n  [0.216 0.032 0.243 0.387 0.122]]]\n\n\u001b[1m35th place:\u001b[0m\nID: gen_0_026\nScore: 28451.85\nGenes:\n[[[0.    0.333 0.371 0.141 0.155]\n  [0.154 0.166 0.095 0.077 0.509]\n  [0.142 0.025 0.34  0.019 0.475]]\n\n [[0.047 0.237 0.259 0.272 0.185]\n  [0.073 0.227 0.33  0.043 0.327]\n  [0.131 0.007 0.451 0.163 0.248]]\n\n [[0.133 0.163 0.338 0.137 0.228]\n  [0.29  0.079 0.132 0.307 0.191]\n  [0.078 0.265 0.277 0.242 0.138]]]\n\n\u001b[1m36th place:\u001b[0m\nID: gen_8_010\nScore: 28540.35\nGenes:\n[[[0.408 0.158 0.173 0.237 0.024]\n  [0.237 0.047 0.382 0.264 0.07 ]\n  [0.112 0.088 0.333 0.135 0.332]]\n\n [[0.031 0.109 0.266 0.177 0.417]\n  [0.167 0.159 0.34  0.074 0.26 ]\n  [0.257 0.161 0.265 0.219 0.098]]\n\n [[0.109 0.132 0.332 0.24  0.186]\n  [0.053 0.08  0.434 0.203 0.231]\n  [0.267 0.026 0.244 0.398 0.065]]]\n\n\u001b[1m37th place:\u001b[0m\nID: gen_0_006\nScore: 28604.0\nGenes:\n[[[0.092 0.298 0.302 0.108 0.2  ]\n  [0.035 0.188 0.192 0.235 0.35 ]\n  [0.214 0.15  0.17  0.258 0.208]]\n\n [[0.352 0.072 0.392 0.088 0.096]\n  [0.057 0.029 0.109 0.263 0.543]\n  [0.125 0.379 0.286 0.205 0.004]]\n\n [[0.102 0.151 0.093 0.24  0.413]\n  [0.06  0.256 0.302 0.107 0.274]\n  [0.234 0.154 0.022 0.344 0.245]]]\n\n\u001b[1m38th place:\u001b[0m\nID: gen_0_003\nScore: 28607.2\nGenes:\n[[[0.043 0.314 0.171 0.341 0.132]\n  [0.213 0.064 0.26  0.413 0.051]\n  [0.014 0.28  0.341 0.182 0.182]]\n\n [[0.076 0.513 0.304 0.108 0.   ]\n  [0.189 0.222 0.173 0.189 0.226]\n  [0.098 0.125 0.438 0.107 0.232]]\n\n [[0.047 0.378 0.109 0.114 0.352]\n  [0.24  0.392 0.041 0.134 0.194]\n  [0.215 0.007 0.186 0.29  0.301]]]\n\n\u001b[1m39th place:\u001b[0m\nID: gen_0_024\nScore: 28678.9\nGenes:\n[[[0.065 0.239 0.239 0.216 0.241]\n  [0.172 0.478 0.02  0.32  0.01 ]\n  [0.162 0.108 0.176 0.302 0.252]]\n\n [[0.059 0.034 0.407 0.348 0.152]\n  [0.188 0.161 0.325 0.134 0.192]\n  [0.322 0.21  0.009 0.248 0.21 ]]\n\n [[0.249 0.039 0.171 0.061 0.481]\n  [0.152 0.152 0.22  0.248 0.228]\n  [0.203 0.277 0.258 0.227 0.035]]]\n\n\u001b[1m40th place:\u001b[0m\nID: gen_0_029\nScore: 28946.05\nGenes:\n[[[0.107 0.184 0.235 0.153 0.321]\n  [0.165 0.323 0.197 0.232 0.083]\n  [0.387 0.247 0.263 0.029 0.074]]\n\n [[0.053 0.237 0.053 0.37  0.286]\n  [0.202 0.524 0.155 0.077 0.042]\n  [0.129 0.139 0.317 0.322 0.094]]\n\n [[0.299 0.045 0.316 0.045 0.296]\n  [0.223 0.017 0.1   0.337 0.323]\n  [0.198 0.376 0.3   0.089 0.038]]]\n\n\u001b[1m41st place:\u001b[0m\nID: gen_0_008\nScore: 29300.6\nGenes:\n[[[0.016 0.305 0.281 0.305 0.094]\n  [0.099 0.35  0.283 0.17  0.099]\n  [0.274 0.142 0.062 0.23  0.292]]\n\n [[0.221 0.242 0.242 0.263 0.032]\n  [0.123 0.385 0.419 0.045 0.028]\n  [0.208 0.06  0.235 0.    0.497]]\n\n [[0.154 0.258 0.304 0.204 0.079]\n  [0.042 0.246 0.03  0.204 0.479]\n  [0.142 0.068 0.472 0.068 0.25 ]]]\n\n"
     ]
    }
   ],
   "source": [
    "ordinal = lambda n: \"%d%s\" % (n,\"tsnrhtdd\"[(n//10%10!=1)*(n%10<4)*n%10::4])\n",
    "print(\"Strategy_count:\")\n",
    "print(f\"{utils.tcolors.BOLD}{'#':<3} {'U':<5}{'D':<5}{'N':<5}{utils.tcolors.ENDC}\")\n",
    "for trend_count in range(3):\n",
    "    strategy_count = individuals[0].strategy_count[gen]\n",
    "    print(f\"{trend_count+1:<2}| {strategy_count['U'][trend_count]:<5}{strategy_count['D'][trend_count]:<5}{strategy_count['N'][trend_count]:<5}\")\n",
    "print()\n",
    "for ix, i in enumerate(sorted(individuals, key=lambda x: x.mean_score)):\n",
    "    print(f\"{utils.tcolors.BOLD}{ordinal(ix+1)} place:{utils.tcolors.ENDC}\")\n",
    "    print(f\"ID: {i.ID}\")\n",
    "    print(f\"Score: {np.round(i.mean_score, 3)}\")\n",
    "    print(f\"Genes:\\n{np.round(i.genes, 3)}\")\n",
    "    print()"
   ]
  },
  {
   "cell_type": "code",
   "execution_count": 203,
   "metadata": {},
   "outputs": [
    {
     "output_type": "stream",
     "name": "stdout",
     "text": [
      "[[[0.42081448 0.22171946 0.15384615 0.17647059 0.02714932]\n  [0.22033898 0.01271186 0.38135593 0.29237288 0.09322034]\n  [0.0657612  0.0657612  0.4011433  0.11179403 0.35554027]]\n\n [[0.03571429 0.07142857 0.26020408 0.20408163 0.42857143]\n  [0.17537313 0.21268657 0.34701493 0.02238806 0.24253731]\n  [0.20533398 0.21034212 0.37561093 0.14523623 0.06347674]]\n\n [[0.04945055 0.08241758 0.34615385 0.3021978  0.21978022]\n  [0.03745487 0.0426444  0.50564079 0.19494585 0.21931408]\n  [0.24290052 0.03542299 0.27326308 0.43519676 0.01321665]]]\n\n[0.16146022 0.10612608 0.33824812 0.20940932 0.18475626]\n"
     ]
    }
   ],
   "source": [
    "print(individuals[0].genes, end=\"\\n\"*2)\n",
    "genes = np.sum(individuals[0].genes, axis=(0,1))\n",
    "norm = np.sum(genes)\n",
    "norm_genes = np.divide(genes, norm)\n",
    "print(norm_genes)"
   ]
  },
  {
   "cell_type": "code",
   "execution_count": null,
   "metadata": {},
   "outputs": [],
   "source": []
  }
 ]
}