{
 "metadata": {
  "language_info": {
   "codemirror_mode": {
    "name": "ipython",
    "version": 3
   },
   "file_extension": ".py",
   "mimetype": "text/x-python",
   "name": "python",
   "nbconvert_exporter": "python",
   "pygments_lexer": "ipython3",
   "version": "3.8.0"
  },
  "orig_nbformat": 2,
  "kernelspec": {
   "name": "python380jvsc74a57bd0612cff4a0ac5e6c37db1b07ee7abafa0758340b75711202652ee82ea5fa6d12e",
   "display_name": "Python 3.8.0 64-bit ('epidemics': conda)"
  }
 },
 "nbformat": 4,
 "nbformat_minor": 2,
 "cells": [
  {
   "cell_type": "code",
   "execution_count": 13,
   "metadata": {},
   "outputs": [],
   "source": [
    "from covid import utils\n",
    "import numpy as np\n",
    "import pandas as pd"
   ]
  },
  {
   "cell_type": "code",
   "execution_count": 30,
   "metadata": {},
   "outputs": [],
   "source": [
    "individuals_path =  \"/Users/sandernordeide/Epidemiologic-Vaccine-Strategies/results/GA_20210508235844/individuals/individuals_3.pkl\"\n",
    "score_path =        \"/Users/sandernordeide/Epidemiologic-Vaccine-Strategies/results/GA_20210508235844/final_scores/final_score_3.pkl\"\n",
    "overview_path =     \"/Users/sandernordeide/Epidemiologic-Vaccine-Strategies/results/GA_20210508235844/generation_overview.csv\"\n",
    "\n",
    "final_score = utils.read_pickle(score_path)\n",
    "individuals = utils.read_pickle(individuals_path)\n",
    "overview = pd.read_csv(overview_path)"
   ]
  },
  {
   "cell_type": "code",
   "execution_count": 31,
   "metadata": {},
   "outputs": [
    {
     "output_type": "stream",
     "name": "stdout",
     "text": [
      "3495.2165017915336\n3542.618018069722\n3584.140941376204\n3607.5620437107127\n3676.620969674579\n3673.660019359678\n3697.784061010033\n3705.60357333547\n3696.7884710382264\n3703.546457617359\n3713.7591071919305\n3732.983517811395\n3752.1506272721467\n3765.1583455334403\n3756.4569043819415\n3787.891508265271\n3813.527980939724\n3830.225702408637\n3828.499517928723\n3899.2670274642196\n4017.426002770974\n4889.716582211966\n3542.967719281923\n"
     ]
    }
   ],
   "source": [
    "for ID in final_score.keys():\n",
    "    print(np.mean(final_score[ID]))"
   ]
  },
  {
   "cell_type": "code",
   "execution_count": 32,
   "metadata": {},
   "outputs": [
    {
     "output_type": "execute_result",
     "data": {
      "text/plain": [
       "    generation individual   mean_score\n",
       "20           1  gen_0_004  3332.564053\n",
       "21           1  gen_1_003  3378.872754\n",
       "41           2  gen_0_004  3408.791354\n",
       "22           1  gen_0_006  3451.338110\n",
       "0            0  gen_0_004  3458.739189\n",
       "..         ...        ...          ...\n",
       "61           2  gen_0_002  4032.587558\n",
       "85           3  gen_0_001  4889.716582\n",
       "19           0  gen_0_001  5008.671762\n",
       "40           1  gen_0_001  5010.286814\n",
       "62           2  gen_0_001  5011.708026\n",
       "\n",
       "[86 rows x 3 columns]"
      ],
      "text/html": "<div>\n<style scoped>\n    .dataframe tbody tr th:only-of-type {\n        vertical-align: middle;\n    }\n\n    .dataframe tbody tr th {\n        vertical-align: top;\n    }\n\n    .dataframe thead th {\n        text-align: right;\n    }\n</style>\n<table border=\"1\" class=\"dataframe\">\n  <thead>\n    <tr style=\"text-align: right;\">\n      <th></th>\n      <th>generation</th>\n      <th>individual</th>\n      <th>mean_score</th>\n    </tr>\n  </thead>\n  <tbody>\n    <tr>\n      <th>20</th>\n      <td>1</td>\n      <td>gen_0_004</td>\n      <td>3332.564053</td>\n    </tr>\n    <tr>\n      <th>21</th>\n      <td>1</td>\n      <td>gen_1_003</td>\n      <td>3378.872754</td>\n    </tr>\n    <tr>\n      <th>41</th>\n      <td>2</td>\n      <td>gen_0_004</td>\n      <td>3408.791354</td>\n    </tr>\n    <tr>\n      <th>22</th>\n      <td>1</td>\n      <td>gen_0_006</td>\n      <td>3451.338110</td>\n    </tr>\n    <tr>\n      <th>0</th>\n      <td>0</td>\n      <td>gen_0_004</td>\n      <td>3458.739189</td>\n    </tr>\n    <tr>\n      <th>...</th>\n      <td>...</td>\n      <td>...</td>\n      <td>...</td>\n    </tr>\n    <tr>\n      <th>61</th>\n      <td>2</td>\n      <td>gen_0_002</td>\n      <td>4032.587558</td>\n    </tr>\n    <tr>\n      <th>85</th>\n      <td>3</td>\n      <td>gen_0_001</td>\n      <td>4889.716582</td>\n    </tr>\n    <tr>\n      <th>19</th>\n      <td>0</td>\n      <td>gen_0_001</td>\n      <td>5008.671762</td>\n    </tr>\n    <tr>\n      <th>40</th>\n      <td>1</td>\n      <td>gen_0_001</td>\n      <td>5010.286814</td>\n    </tr>\n    <tr>\n      <th>62</th>\n      <td>2</td>\n      <td>gen_0_001</td>\n      <td>5011.708026</td>\n    </tr>\n  </tbody>\n</table>\n<p>86 rows × 3 columns</p>\n</div>"
     },
     "metadata": {},
     "execution_count": 32
    }
   ],
   "source": [
    "overview.sort_values('mean_score')"
   ]
  },
  {
   "cell_type": "code",
   "execution_count": 33,
   "metadata": {},
   "outputs": [
    {
     "output_type": "stream",
     "name": "stdout",
     "text": [
      "ID: gen_0_004\nStrategy count: defaultdict(..., {})\nScore: 3495.2165017915336\nGenes\n[[[0. 0. 0. 1.]\n  [0. 0. 0. 1.]\n  [0. 0. 0. 1.]\n  [0. 0. 0. 1.]]\n\n [[0. 0. 0. 1.]\n  [0. 0. 0. 1.]\n  [0. 0. 0. 1.]\n  [0. 0. 0. 1.]]\n\n [[0. 0. 0. 1.]\n  [0. 0. 0. 1.]\n  [0. 0. 0. 1.]\n  [0. 0. 0. 1.]]]\n\nID: gen_1_003\nStrategy count: defaultdict(..., {})\nScore: 3542.618018069722\nGenes\n[[[0.   0.   0.25 0.75]\n  [0.   0.   0.25 0.75]\n  [0.   0.   0.25 0.75]\n  [0.   0.   0.5  0.5 ]]\n\n [[0.   0.   0.25 0.75]\n  [0.   0.   0.25 0.75]\n  [0.   0.   0.   1.  ]\n  [0.   0.   0.25 0.75]]\n\n [[0.   0.   0.25 0.75]\n  [0.   0.2  0.2  0.6 ]\n  [0.   0.   0.5  0.5 ]\n  [0.   0.   0.25 0.75]]]\n\nID: gen_3_002\nStrategy count: defaultdict(..., {})\nScore: 3542.967719281923\nGenes\n[[[0.   0.   0.25 0.75]\n  [0.   0.   0.25 0.75]\n  [0.   0.   0.25 0.75]\n  [0.   0.   0.   1.  ]]\n\n [[0.   0.   0.25 0.75]\n  [0.   0.   0.25 0.75]\n  [0.   0.   0.   1.  ]\n  [0.   0.   0.   1.  ]]\n\n [[0.   0.   0.25 0.75]\n  [0.   0.2  0.2  0.6 ]\n  [0.   0.   0.5  0.5 ]\n  [0.   0.   0.   1.  ]]]\n\nID: gen_2_001\nStrategy count: defaultdict(..., {})\nScore: 3584.140941376204\nGenes\n[[[0.3125     0.         0.375      0.3125    ]\n  [0.         0.         0.25       0.75      ]\n  [0.         0.5        0.125      0.375     ]\n  [0.         0.         0.66666667 0.33333333]]\n\n [[0.         0.         0.         1.        ]\n  [0.         0.         0.25       0.75      ]\n  [0.         0.         0.42857143 0.57142857]\n  [0.         0.         0.25       0.75      ]]\n\n [[1.         0.         0.         0.        ]\n  [0.         0.         1.         0.        ]\n  [0.         0.         1.         0.        ]\n  [0.         0.         1.         0.        ]]]\n\nID: gen_0_006\nStrategy count: defaultdict(..., {})\nScore: 3607.5620437107127\nGenes\n[[[0.  0.  0.5 0.5]\n  [0.  0.  0.5 0.5]\n  [0.  0.  0.5 0.5]\n  [0.  0.  0.5 0.5]]\n\n [[0.  0.  0.5 0.5]\n  [0.  0.  0.5 0.5]\n  [0.  0.  0.5 0.5]\n  [0.  0.  0.5 0.5]]\n\n [[0.  0.  0.5 0.5]\n  [0.  0.  0.5 0.5]\n  [0.  0.  0.5 0.5]\n  [0.  0.  0.5 0.5]]]\n\nID: gen_0_007\nStrategy count: defaultdict(..., {})\nScore: 3673.660019359678\nGenes\n[[[0.  0.5 0.  0.5]\n  [0.  0.5 0.  0.5]\n  [0.  0.5 0.  0.5]\n  [0.  0.5 0.  0.5]]\n\n [[0.  0.5 0.  0.5]\n  [0.  0.5 0.  0.5]\n  [0.  0.5 0.  0.5]\n  [0.  0.5 0.  0.5]]\n\n [[0.  0.5 0.  0.5]\n  [0.  0.5 0.  0.5]\n  [0.  0.5 0.  0.5]\n  [0.  0.5 0.  0.5]]]\n\nID: gen_0_020\nStrategy count: defaultdict(..., {})\nScore: 3676.620969674579\nGenes\n[[[0.24875622 0.42288557 0.06965174 0.25870647]\n  [0.16483516 0.44505495 0.05494505 0.33516484]\n  [0.20909091 0.00909091 0.25454545 0.52727273]\n  [0.09615385 0.10576923 0.00961538 0.78846154]]\n\n [[0.20606061 0.06666667 0.27878788 0.44848485]\n  [0.21818182 0.03636364 0.38181818 0.36363636]\n  [0.02054795 0.34246575 0.40410959 0.23287671]\n  [0.18103448 0.13793103 0.15517241 0.52586207]]\n\n [[0.24324324 0.27027027 0.09459459 0.39189189]\n  [0.35021097 0.29957806 0.06751055 0.28270042]\n  [0.15322581 0.10887097 0.38709677 0.35080645]\n  [0.34385965 0.3122807  0.05614035 0.2877193 ]]]\n\nID: gen_0_010\nStrategy count: defaultdict(..., {})\nScore: 3696.7884710382264\nGenes\n[[[0.2047619  0.2952381  0.15714286 0.34285714]\n  [0.2047619  0.2952381  0.15714286 0.34285714]\n  [0.2047619  0.2952381  0.15714286 0.34285714]\n  [0.2047619  0.2952381  0.15714286 0.34285714]]\n\n [[0.2047619  0.2952381  0.15714286 0.34285714]\n  [0.2047619  0.2952381  0.15714286 0.34285714]\n  [0.2047619  0.2952381  0.15714286 0.34285714]\n  [0.2047619  0.2952381  0.15714286 0.34285714]]\n\n [[0.2047619  0.2952381  0.15714286 0.34285714]\n  [0.2047619  0.2952381  0.15714286 0.34285714]\n  [0.2047619  0.2952381  0.15714286 0.34285714]\n  [0.2047619  0.2952381  0.15714286 0.34285714]]]\n\nID: gen_0_017\nStrategy count: defaultdict(..., {})\nScore: 3697.784061010033\nGenes\n[[[0.14285714 0.22142857 0.63571429 0.        ]\n  [0.39506173 0.10288066 0.25925926 0.24279835]\n  [0.01851852 0.27777778 0.15740741 0.5462963 ]\n  [0.28225806 0.25403226 0.34677419 0.11693548]]\n\n [[0.39010989 0.50549451 0.1043956  0.        ]\n  [0.03056769 0.40611354 0.18340611 0.37991266]\n  [0.32947977 0.46242775 0.01156069 0.19653179]\n  [0.26008969 0.34080717 0.04484305 0.35426009]]\n\n [[0.15384615 0.33173077 0.4375     0.07692308]\n  [0.02212389 0.27876106 0.36725664 0.33185841]\n  [0.29166667 0.26388889 0.39583333 0.04861111]\n  [0.32592593 0.35555556 0.14074074 0.17777778]]]\n\nID: gen_0_008\nStrategy count: defaultdict(..., {})\nScore: 3703.546457617359\nGenes\n[[[0.   0.33 0.33 0.34]\n  [0.   0.33 0.33 0.34]\n  [0.   0.33 0.33 0.34]\n  [0.   0.33 0.33 0.34]]\n\n [[0.   0.33 0.33 0.34]\n  [0.   0.33 0.33 0.34]\n  [0.   0.33 0.33 0.34]\n  [0.   0.33 0.33 0.34]]\n\n [[0.   0.33 0.33 0.34]\n  [0.   0.33 0.33 0.34]\n  [0.   0.33 0.33 0.34]\n  [0.   0.33 0.33 0.34]]]\n\nID: gen_0_013\nStrategy count: defaultdict(..., {})\nScore: 3705.60357333547\nGenes\n[[[0.27739726 0.2739726  0.14041096 0.30821918]\n  [0.08571429 0.21428571 0.57857143 0.12142857]\n  [0.13333333 0.         0.25833333 0.60833333]\n  [0.29090909 0.17272727 0.1        0.43636364]]\n\n [[0.22758621 0.23103448 0.2137931  0.32758621]\n  [0.36666667 0.1        0.3037037  0.22962963]\n  [0.26279863 0.16382253 0.31740614 0.2559727 ]\n  [0.55483871 0.23870968 0.07096774 0.13548387]]\n\n [[0.12741313 0.36679537 0.16602317 0.33976834]\n  [0.38095238 0.28968254 0.15873016 0.17063492]\n  [0.35433071 0.27952756 0.03149606 0.33464567]\n  [0.32876712 0.12785388 0.1369863  0.40639269]]]\n\nID: gen_0_018\nStrategy count: defaultdict(..., {})\nScore: 3713.7591071919305\nGenes\n[[[0.1173913  0.27826087 0.21304348 0.39130435]\n  [0.0505618  0.15168539 0.29213483 0.50561798]\n  [0.37254902 0.31372549 0.1503268  0.16339869]\n  [0.07916667 0.2        0.40416667 0.31666667]]\n\n [[0.32751092 0.40611354 0.13100437 0.13537118]\n  [0.13207547 0.37264151 0.39622642 0.0990566 ]\n  [0.30545455 0.36       0.16727273 0.16727273]\n  [0.18518519 0.38683128 0.34567901 0.08230453]]\n\n [[0.27071823 0.18232044 0.01104972 0.5359116 ]\n  [0.33564014 0.33910035 0.04152249 0.28373702]\n  [0.36492891 0.31279621 0.17535545 0.14691943]\n  [0.18360656 0.26557377 0.2852459  0.26557377]]]\n\nID: gen_0_009\nStrategy count: defaultdict(..., {})\nScore: 3732.983517811395\nGenes\n[[[0.25 0.25 0.25 0.25]\n  [0.25 0.25 0.25 0.25]\n  [0.25 0.25 0.25 0.25]\n  [0.25 0.25 0.25 0.25]]\n\n [[0.25 0.25 0.25 0.25]\n  [0.25 0.25 0.25 0.25]\n  [0.25 0.25 0.25 0.25]\n  [0.25 0.25 0.25 0.25]]\n\n [[0.25 0.25 0.25 0.25]\n  [0.25 0.25 0.25 0.25]\n  [0.25 0.25 0.25 0.25]\n  [0.25 0.25 0.25 0.25]]]\n\nID: gen_0_019\nStrategy count: defaultdict(..., {})\nScore: 3752.1506272721467\nGenes\n[[[0.22821577 0.40248963 0.30705394 0.06224066]\n  [0.31349206 0.31746032 0.15079365 0.21825397]\n  [0.23222749 0.42654028 0.00947867 0.33175355]\n  [0.47783251 0.02463054 0.3546798  0.14285714]]\n\n [[0.16814159 0.22123894 0.13274336 0.47787611]\n  [0.2972973  0.28828829 0.24624625 0.16816817]\n  [0.17748918 0.38961039 0.11255411 0.32034632]\n  [0.03940887 0.45320197 0.15763547 0.34975369]]\n\n [[0.34117647 0.26666667 0.3372549  0.05490196]\n  [0.16055046 0.3853211  0.16972477 0.28440367]\n  [0.38285714 0.08       0.21142857 0.32571429]\n  [0.36619718 0.15962441 0.23943662 0.23474178]]]\n\nID: gen_0_016\nStrategy count: defaultdict(..., {})\nScore: 3756.4569043819415\nGenes\n[[[0.10569106 0.02439024 0.25203252 0.61788618]\n  [0.43069307 0.08415842 0.14356436 0.34158416]\n  [0.3968254  0.4047619  0.15873016 0.03968254]\n  [0.31674208 0.2760181  0.07239819 0.33484163]]\n\n [[0.03076923 0.16923077 0.14615385 0.65384615]\n  [0.47402597 0.22727273 0.22727273 0.07142857]\n  [0.20918367 0.2755102  0.41836735 0.09693878]\n  [0.21243523 0.41968912 0.31606218 0.05181347]]\n\n [[0.28125    0.         0.234375   0.484375  ]\n  [0.4028436  0.15165877 0.38388626 0.06161137]\n  [0.29646018 0.13716814 0.14159292 0.42477876]\n  [0.17840376 0.17370892 0.37089202 0.27699531]]]\n\nID: gen_0_014\nStrategy count: defaultdict(..., {})\nScore: 3765.1583455334403\nGenes\n[[[0.0929368  0.28996283 0.30111524 0.31598513]\n  [0.41610738 0.08724832 0.27516779 0.22147651]\n  [0.01877934 0.4084507  0.44131455 0.1314554 ]\n  [0.26712329 0.62328767 0.06164384 0.04794521]]\n\n [[0.33333333 0.48484848 0.04545455 0.13636364]\n  [0.2300885  0.33628319 0.30088496 0.13274336]\n  [0.38251366 0.40437158 0.16393443 0.04918033]\n  [0.01290323 0.41935484 0.08387097 0.48387097]]\n\n [[0.22222222 0.02136752 0.3974359  0.35897436]\n  [0.25806452 0.33333333 0.22580645 0.1827957 ]\n  [0.18867925 0.21698113 0.1509434  0.44339623]\n  [0.33333333 0.2248062  0.26744186 0.1744186 ]]]\n\nID: gen_0_015\nStrategy count: defaultdict(..., {})\nScore: 3787.891508265271\nGenes\n[[[0.15929204 0.44247788 0.38938053 0.00884956]\n  [0.34054054 0.41621622 0.0972973  0.14594595]\n  [0.29749104 0.13261649 0.25448029 0.31541219]\n  [0.125      0.45833333 0.05       0.36666667]]\n\n [[0.08737864 0.48543689 0.         0.42718447]\n  [0.73913043 0.15217391 0.04347826 0.06521739]\n  [0.1686747  0.29317269 0.17670683 0.36144578]\n  [0.35514019 0.18691589 0.08411215 0.37383178]]\n\n [[0.08510638 0.39893617 0.20744681 0.30851064]\n  [0.30451128 0.14661654 0.18421053 0.36466165]\n  [0.05820106 0.41269841 0.41798942 0.11111111]\n  [0.29361702 0.20425532 0.25531915 0.24680851]]]\n\nID: gen_0_003\nStrategy count: defaultdict(..., {})\nScore: 3813.527980939724\nGenes\n[[[0. 0. 1. 0.]\n  [0. 0. 1. 0.]\n  [0. 0. 1. 0.]\n  [0. 0. 1. 0.]]\n\n [[0. 0. 1. 0.]\n  [0. 0. 1. 0.]\n  [0. 0. 1. 0.]\n  [0. 0. 1. 0.]]\n\n [[0. 0. 1. 0.]\n  [0. 0. 1. 0.]\n  [0. 0. 1. 0.]\n  [0. 0. 1. 0.]]]\n\nID: gen_0_012\nStrategy count: defaultdict(..., {})\nScore: 3828.499517928723\nGenes\n[[[0.01593625 0.28286853 0.35059761 0.35059761]\n  [0.32679739 0.35294118 0.22222222 0.09803922]\n  [0.41397849 0.47311828 0.08064516 0.03225806]\n  [0.65384615 0.16923077 0.08461538 0.09230769]]\n\n [[0.29967427 0.31270358 0.2019544  0.18566775]\n  [0.28727273 0.15272727 0.20727273 0.35272727]\n  [0.22321429 0.20089286 0.17857143 0.39732143]\n  [0.5703125  0.2890625  0.         0.140625  ]]\n\n [[0.32394366 0.04225352 0.4084507  0.22535211]\n  [0.36363636 0.35497835 0.06060606 0.22077922]\n  [0.39698492 0.08542714 0.25125628 0.26633166]\n  [0.20491803 0.39344262 0.13934426 0.26229508]]]\n\nID: gen_0_011\nStrategy count: defaultdict(..., {})\nScore: 3830.225702408637\nGenes\n[[[0.3362069  0.2112069  0.21982759 0.23275862]\n  [0.41847826 0.375      0.07065217 0.13586957]\n  [0.05882353 0.41628959 0.38914027 0.13574661]\n  [0.15306122 0.45408163 0.06122449 0.33163265]]\n\n [[0.20529801 0.37748344 0.2384106  0.17880795]\n  [0.08571429 0.44285714 0.36666667 0.1047619 ]\n  [0.1474359  0.6025641  0.07051282 0.17948718]\n  [0.39784946 0.47311828 0.0483871  0.08064516]]\n\n [[0.07003891 0.31128405 0.27626459 0.34241245]\n  [0.13580247 0.20987654 0.56790123 0.08641975]\n  [0.34090909 0.12727273 0.15       0.38181818]\n  [0.41201717 0.3776824  0.1888412  0.02145923]]]\n\nID: gen_0_005\nStrategy count: defaultdict(..., {})\nScore: 3899.2670274642196\nGenes\n[[[0.  0.5 0.5 0. ]\n  [0.  0.5 0.5 0. ]\n  [0.  0.5 0.5 0. ]\n  [0.  0.5 0.5 0. ]]\n\n [[0.  0.5 0.5 0. ]\n  [0.  0.5 0.5 0. ]\n  [0.  0.5 0.5 0. ]\n  [0.  0.5 0.5 0. ]]\n\n [[0.  0.5 0.5 0. ]\n  [0.  0.5 0.5 0. ]\n  [0.  0.5 0.5 0. ]\n  [0.  0.5 0.5 0. ]]]\n\nID: gen_0_002\nStrategy count: defaultdict(..., {})\nScore: 4017.426002770974\nGenes\n[[[0. 1. 0. 0.]\n  [0. 1. 0. 0.]\n  [0. 1. 0. 0.]\n  [0. 1. 0. 0.]]\n\n [[0. 1. 0. 0.]\n  [0. 1. 0. 0.]\n  [0. 1. 0. 0.]\n  [0. 1. 0. 0.]]\n\n [[0. 1. 0. 0.]\n  [0. 1. 0. 0.]\n  [0. 1. 0. 0.]\n  [0. 1. 0. 0.]]]\n\nID: gen_0_001\nStrategy count: defaultdict(..., {})\nScore: 4889.716582211966\nGenes\n[[[1. 0. 0. 0.]\n  [1. 0. 0. 0.]\n  [1. 0. 0. 0.]\n  [1. 0. 0. 0.]]\n\n [[1. 0. 0. 0.]\n  [1. 0. 0. 0.]\n  [1. 0. 0. 0.]\n  [1. 0. 0. 0.]]\n\n [[1. 0. 0. 0.]\n  [1. 0. 0. 0.]\n  [1. 0. 0. 0.]\n  [1. 0. 0. 0.]]]\n\n"
     ]
    }
   ],
   "source": [
    "for i in sorted(individuals, key=lambda x: x.mean_score):\n",
    "    print(f\"ID: {i.ID}\")\n",
    "    print(f\"Strategy count: {i.strategy_count['D']}\")\n",
    "    print(f\"Score: {i.mean_score}\")\n",
    "    print(f\"Genes\\n{i.genes}\")\n",
    "    print()"
   ]
  },
  {
   "cell_type": "code",
   "execution_count": null,
   "metadata": {},
   "outputs": [],
   "source": []
  }
 ]
}