{
 "metadata": {
  "language_info": {
   "codemirror_mode": {
    "name": "ipython",
    "version": 3
   },
   "file_extension": ".py",
   "mimetype": "text/x-python",
   "name": "python",
   "nbconvert_exporter": "python",
   "pygments_lexer": "ipython3",
   "version": "3.7.7-final"
  },
  "orig_nbformat": 2,
  "kernelspec": {
   "name": "python3",
   "display_name": "Python 3",
   "language": "python"
  }
 },
 "nbformat": 4,
 "nbformat_minor": 2,
 "cells": [
  {
   "cell_type": "code",
   "execution_count": 1,
   "metadata": {},
   "outputs": [],
   "source": [
    "from covid import utils\n",
    "import numpy as np\n",
    "import pandas as pd"
   ]
  },
  {
   "cell_type": "code",
   "execution_count": 8,
   "metadata": {},
   "outputs": [],
   "source": [
    "path = \"results/GA_20210509190222\"\n",
    "gen = 3\n",
    "\n",
    "individuals_path =  f\"{path}/individuals/individuals_{gen}.pkl\"\n",
    "score_path       =  f\"{path}/final_scores/final_score_{gen}.pkl\"\n",
    "overview_path    =  f\"{path}/generation_overview.csv\"\n",
    "\n",
    "final_score = utils.read_pickle(score_path)\n",
    "individuals = utils.read_pickle(individuals_path)\n",
    "overview = pd.read_csv(overview_path)"
   ]
  },
  {
   "cell_type": "code",
   "execution_count": 9,
   "metadata": {},
   "outputs": [
    {
     "output_type": "execute_result",
     "data": {
      "text/plain": [
       "    generation individual   mean_score\n",
       "63           3  gen_3_001  7186.755472\n",
       "64           3  gen_2_001  7201.671233\n",
       "65           3  gen_0_008  7208.863852\n",
       "66           3  gen_0_004  7213.270707\n",
       "67           3  gen_1_003  7215.220536\n",
       "..         ...        ...          ...\n",
       "58           2  gen_0_013  7577.481384\n",
       "59           2  gen_0_001  7591.126109\n",
       "60           2  gen_0_011  7593.266462\n",
       "61           2  gen_0_014  7627.240074\n",
       "62           2  gen_0_017  7639.748564\n",
       "\n",
       "[86 rows x 3 columns]"
      ],
      "text/html": "<div>\n<style scoped>\n    .dataframe tbody tr th:only-of-type {\n        vertical-align: middle;\n    }\n\n    .dataframe tbody tr th {\n        vertical-align: top;\n    }\n\n    .dataframe thead th {\n        text-align: right;\n    }\n</style>\n<table border=\"1\" class=\"dataframe\">\n  <thead>\n    <tr style=\"text-align: right;\">\n      <th></th>\n      <th>generation</th>\n      <th>individual</th>\n      <th>mean_score</th>\n    </tr>\n  </thead>\n  <tbody>\n    <tr>\n      <th>63</th>\n      <td>3</td>\n      <td>gen_3_001</td>\n      <td>7186.755472</td>\n    </tr>\n    <tr>\n      <th>64</th>\n      <td>3</td>\n      <td>gen_2_001</td>\n      <td>7201.671233</td>\n    </tr>\n    <tr>\n      <th>65</th>\n      <td>3</td>\n      <td>gen_0_008</td>\n      <td>7208.863852</td>\n    </tr>\n    <tr>\n      <th>66</th>\n      <td>3</td>\n      <td>gen_0_004</td>\n      <td>7213.270707</td>\n    </tr>\n    <tr>\n      <th>67</th>\n      <td>3</td>\n      <td>gen_1_003</td>\n      <td>7215.220536</td>\n    </tr>\n    <tr>\n      <th>...</th>\n      <td>...</td>\n      <td>...</td>\n      <td>...</td>\n    </tr>\n    <tr>\n      <th>58</th>\n      <td>2</td>\n      <td>gen_0_013</td>\n      <td>7577.481384</td>\n    </tr>\n    <tr>\n      <th>59</th>\n      <td>2</td>\n      <td>gen_0_001</td>\n      <td>7591.126109</td>\n    </tr>\n    <tr>\n      <th>60</th>\n      <td>2</td>\n      <td>gen_0_011</td>\n      <td>7593.266462</td>\n    </tr>\n    <tr>\n      <th>61</th>\n      <td>2</td>\n      <td>gen_0_014</td>\n      <td>7627.240074</td>\n    </tr>\n    <tr>\n      <th>62</th>\n      <td>2</td>\n      <td>gen_0_017</td>\n      <td>7639.748564</td>\n    </tr>\n  </tbody>\n</table>\n<p>86 rows × 3 columns</p>\n</div>"
     },
     "metadata": {},
     "execution_count": 9
    }
   ],
   "source": [
    "overview.sort_values('mean_score')"
   ]
  },
  {
   "cell_type": "code",
   "execution_count": 10,
   "metadata": {},
   "outputs": [
    {
     "output_type": "stream",
     "name": "stdout",
     "text": [
      "ID: gen_3_001\nScore: 7186.7554717921885\nStrategy count:\n    U    D    N\n1: 0    6    4    \n2: 10   35   11   \n3: 36   11   5    \n4: 7    2    3    \nGenes:\n[[[0.56012192 0.06375045 0.01275009 0.36337754]\n  [0.06177682 0.04811401 0.46911159 0.42099758]\n  [0.20532187 0.05731524 0.37725543 0.36010746]\n  [0.16751269 0.27918782 0.33502538 0.21827411]]\n\n [[0.22763636 0.30167566 0.17911992 0.29156807]\n  [0.06319666 0.19130848 0.56876992 0.17672494]\n  [0.32411608 0.31171149 0.00400189 0.36017054]\n  [0.23048039 0.20359101 0.46396732 0.10196129]]\n\n [[0.21521217 0.01393114 0.39007206 0.38078463]\n  [0.24012187 0.25886913 0.35287359 0.14813541]\n  [0.27851334 0.4344808  0.13877409 0.14823177]\n  [0.53172066 0.12511074 0.24151612 0.10165248]]]\n\nID: gen_2_001\nScore: 7201.6712328288\nStrategy count:\n    U    D    N\n1: 0    6    4    \n2: 10   35   11   \n3: 36   11   5    \n4: 7    2    3    \nGenes:\n[[[0.4451504  0.08041299 0.0160826  0.45835402]\n  [0.06177682 0.04811401 0.46911159 0.42099758]\n  [0.19469163 0.22904898 0.12521344 0.45104595]\n  [0.30424496 0.23522258 0.23562126 0.2249112 ]]\n\n [[0.2819308  0.3736295  0.22184252 0.12259718]\n  [0.04926108 0.27093596 0.44334975 0.2364532 ]\n  [0.39896873 0.38369937 0.00816382 0.20916807]\n  [0.16324885 0.20171896 0.50496536 0.13006683]]\n\n [[0.1377551  0.01530612 0.42857143 0.41836735]\n  [0.19533406 0.24693174 0.33660131 0.2211329 ]\n  [0.24604701 0.38383334 0.20772862 0.16239103]\n  [0.36721657 0.0864039  0.21021436 0.33616517]]]\n\nID: gen_0_008\nScore: 7208.863852389564\nStrategy count:\n    U    D    N\n1: 0    6    4    \n2: 10   35   11   \n3: 36   11   5    \n4: 7    2    3    \nGenes:\n[[[0.54605263 0.06578947 0.01315789 0.375     ]\n  [0.17460317 0.04232804 0.41269841 0.37037037]\n  [0.13821138 0.16260163 0.35772358 0.34146341]\n  [0.16751269 0.27918782 0.33502538 0.21827411]]\n\n [[0.15555556 0.47407407 0.28148148 0.08888889]\n  [0.04926108 0.27093596 0.44334975 0.2364532 ]\n  [0.32019704 0.23152709 0.00492611 0.44334975]\n  [0.14130435 0.05434783 0.70652174 0.09782609]]\n\n [[0.1377551  0.01530612 0.42857143 0.41836735]\n  [0.25728155 0.32524272 0.12621359 0.29126214]\n  [0.1984127  0.30952381 0.36111111 0.13095238]\n  [0.59649123 0.14035088 0.14912281 0.11403509]]]\n\nID: gen_0_004\nScore: 7213.270706943732\nStrategy count:\n    U    D    N\n1: 0    6    4    \n2: 10   35   11   \n3: 36   11   5    \n4: 7    2    3    \nGenes:\n[[[0.24285714 0.33571429 0.10714286 0.31428571]\n  [0.03333333 0.075      0.63333333 0.25833333]\n  [0.13636364 0.41363636 0.09545455 0.35454545]\n  [0.40254237 0.05084746 0.27966102 0.26694915]]\n\n [[0.08275862 0.24827586 0.13103448 0.53793103]\n  [0.28571429 0.08403361 0.07563025 0.55462185]\n  [0.35658915 0.19379845 0.31395349 0.13565891]\n  [0.1589404  0.29139073 0.43708609 0.11258278]]\n\n [[0.36111111 0.03240741 0.37037037 0.23611111]\n  [0.32413793 0.3862069  0.04827586 0.24137931]\n  [0.53846154 0.24475524 0.08391608 0.13286713]\n  [0.17283951 0.22222222 0.24074074 0.36419753]]]\n\nID: gen_1_003\nScore: 7215.220536190439\nStrategy count:\n    U    D    N\n1: 0    6    4    \n2: 10   35   11   \n3: 36   11   5    \n4: 7    2    3    \nGenes:\n[[[0.39445489 0.20075188 0.06015038 0.34464286]\n  [0.10396825 0.05866402 0.52301587 0.31435185]\n  [0.13728751 0.28811899 0.22658906 0.34800443]\n  [0.28502753 0.16501764 0.3073432  0.24261163]]\n\n [[0.11915709 0.36117497 0.20625798 0.31340996]\n  [0.19614539 0.20785303 0.30388962 0.29211195]\n  [0.3383931  0.21266277 0.1594398  0.28950433]\n  [0.15012237 0.17286928 0.57180392 0.10520443]]\n\n [[0.34511474 0.02081552 0.34854669 0.28552305]\n  [0.29070974 0.35572481 0.08724473 0.26632072]\n  [0.36843712 0.27713953 0.2225136  0.13190976]\n  [0.38466537 0.18128655 0.19493177 0.23911631]]]\n\nID: gen_0_018\nScore: 7229.1477413428\nStrategy count:\n    U    D    N\n1: 0    6    4    \n2: 10   35   11   \n3: 36   11   5    \n4: 7    2    3    \nGenes:\n[[[0.1965812  0.18376068 0.41452991 0.20512821]\n  [0.26666667 0.         0.56666667 0.16666667]\n  [0.22748815 0.09004739 0.2464455  0.43601896]\n  [0.02040816 0.19387755 0.01020408 0.7755102 ]]\n\n [[0.34415584 0.05844156 0.48701299 0.11038961]\n  [0.21100917 0.34862385 0.23853211 0.20183486]\n  [0.03731343 0.34328358 0.56716418 0.05223881]\n  [0.30232558 0.28903654 0.25581395 0.15282392]]\n\n [[0.09677419 0.17419355 0.58709677 0.14193548]\n  [0.37295082 0.11065574 0.28688525 0.2295082 ]\n  [0.30662021 0.02439024 0.33101045 0.33797909]\n  [0.3081761  0.6163522  0.         0.0754717 ]]]\n\nID: gen_0_016\nScore: 7231.334765585037\nStrategy count:\n    U    D    N\n1: 0    6    4    \n2: 10   35   11   \n3: 36   11   5    \n4: 7    2    3    \nGenes:\n[[[0.22408027 0.31438127 0.26421405 0.19732441]\n  [0.28220859 0.17791411 0.2607362  0.2791411 ]\n  [0.14661654 0.2406015  0.28947368 0.32330827]\n  [0.40277778 0.2962963  0.09722222 0.2037037 ]]\n\n [[0.18446602 0.10679612 0.51456311 0.19417476]\n  [0.21698113 0.04245283 0.38207547 0.35849057]\n  [0.35714286 0.2012987  0.34415584 0.0974026 ]\n  [0.22983871 0.13306452 0.31048387 0.3266129 ]]\n\n [[0.47340426 0.12234043 0.24468085 0.15957447]\n  [0.62637363 0.03296703 0.13186813 0.20879121]\n  [0.13043478 0.36956522 0.39673913 0.10326087]\n  [0.1875     0.41346154 0.125      0.27403846]]]\n\nID: gen_0_007\nScore: 7238.033687770721\nStrategy count:\n    U    D    N\n1: 0    6    4    \n2: 10   35   11   \n3: 36   11   5    \n4: 7    2    3    \nGenes:\n[[[0.33471074 0.30578512 0.10743802 0.25206612]\n  [0.31818182 0.15656566 0.05050505 0.47474747]\n  [0.32407407 0.22222222 0.25925926 0.19444444]\n  [0.4137931  0.2137931  0.14482759 0.22758621]]\n\n [[0.25735294 0.125      0.27205882 0.34558824]\n  [0.01809955 0.38461538 0.21266968 0.38461538]\n  [0.25225225 0.27927928 0.28228228 0.18618619]\n  [0.256917   0.05533597 0.33992095 0.34782609]]\n\n [[0.19692308 0.25538462 0.24615385 0.30153846]\n  [0.25       0.11       0.31       0.33      ]\n  [0.40322581 0.02150538 0.5        0.07526882]\n  [0.17105263 0.28618421 0.29605263 0.24671053]]]\n\nID: gen_0_003\nScore: 7241.538239532939\nStrategy count:\n    U    D    N\n1: 0    6    4    \n2: 10   35   11   \n3: 36   11   5    \n4: 7    2    3    \nGenes:\n[[[0.35546875 0.16796875 0.29296875 0.18359375]\n  [0.30232558 0.1627907  0.36434109 0.17054264]\n  [0.10833333 0.075      0.2        0.61666667]\n  [0.14418605 0.14418605 0.2744186  0.4372093 ]]\n\n [[0.25694444 0.20833333 0.46527778 0.06944444]\n  [0.26256983 0.27374302 0.21787709 0.24581006]\n  [0.02941176 0.04411765 0.69852941 0.22794118]\n  [0.07222222 0.54444444 0.32777778 0.05555556]]\n\n [[0.25825826 0.29129129 0.2972973  0.15315315]\n  [0.         0.35447761 0.36940299 0.2761194 ]\n  [0.48235294 0.08823529 0.07058824 0.35882353]\n  [0.45641026 0.01538462 0.0974359  0.43076923]]]\n\nID: gen_0_019\nScore: 7253.99462589862\nStrategy count:\n    U    D    N\n1: 0    6    4    \n2: 10   35   11   \n3: 36   11   5    \n4: 7    2    3    \nGenes:\n[[[0.3627451  0.15196078 0.4754902  0.00980392]\n  [0.19111111 0.14222222 0.32       0.34666667]\n  [0.23857868 0.0964467  0.39086294 0.27411168]\n  [0.27488152 0.04739336 0.40758294 0.27014218]]\n\n [[0.52222222 0.22777778 0.05555556 0.19444444]\n  [0.29515419 0.30837004 0.3876652  0.00881057]\n  [0.15447154 0.55284553 0.18699187 0.10569106]\n  [0.20805369 0.18791946 0.38255034 0.22147651]]\n\n [[0.19341564 0.12757202 0.38271605 0.2962963 ]\n  [0.56074766 0.13084112 0.30841121 0.        ]\n  [0.16129032 0.26209677 0.33870968 0.23790323]\n  [0.22660099 0.44827586 0.02955665 0.2955665 ]]]\n\nID: gen_0_015\nScore: 7261.667274500624\nStrategy count:\n    U    D    N\n1: 0    6    4    \n2: 10   35   11   \n3: 36   11   5    \n4: 7    2    3    \nGenes:\n[[[0.32653061 0.29081633 0.         0.38265306]\n  [0.3539823  0.2920354  0.03097345 0.32300885]\n  [0.49717514 0.05084746 0.03389831 0.4180791 ]\n  [0.18791946 0.30201342 0.17785235 0.33221477]]\n\n [[0.45544554 0.03960396 0.20792079 0.2970297 ]\n  [0.15384615 0.28021978 0.11538462 0.45054945]\n  [0.32222222 0.33333333 0.27407407 0.07037037]\n  [0.36842105 0.3805668  0.23076923 0.02024291]]\n\n [[0.08962264 0.40566038 0.05188679 0.45283019]\n  [0.41772152 0.37130802 0.00843882 0.20253165]\n  [0.20318725 0.09960159 0.31474104 0.38247012]\n  [0.09433962 0.35220126 0.12578616 0.42767296]]]\n\nID: gen_0_020\nScore: 7277.216580593658\nStrategy count:\n    U    D    N\n1: 0    6    4    \n2: 10   35   11   \n3: 36   11   5    \n4: 7    2    3    \nGenes:\n[[[0.14953271 0.27102804 0.32242991 0.25700935]\n  [0.37890625 0.25       0.1015625  0.26953125]\n  [0.08943089 0.25203252 0.36585366 0.29268293]\n  [0.296      0.152      0.008      0.544     ]]\n\n [[0.10833333 0.4        0.21666667 0.275     ]\n  [0.43558282 0.21472393 0.06748466 0.28220859]\n  [0.35971223 0.         0.47482014 0.16546763]\n  [0.3        0.23636364 0.31818182 0.14545455]]\n\n [[0.24215247 0.07623318 0.29147982 0.39013453]\n  [0.35978836 0.0952381  0.25925926 0.28571429]\n  [0.6031746  0.15873016 0.14285714 0.0952381 ]\n  [0.25877193 0.36842105 0.31140351 0.06140351]]]\n\nID: gen_0_010\nScore: 7277.328186656722\nStrategy count:\n    U    D    N\n1: 0    6    4    \n2: 10   35   11   \n3: 36   11   5    \n4: 7    2    3    \nGenes:\n[[[0.22064057 0.20640569 0.3202847  0.25266904]\n  [0.36206897 0.06034483 0.35775862 0.21982759]\n  [0.37640449 0.07865169 0.51685393 0.02808989]\n  [0.25821596 0.04694836 0.2629108  0.43192488]]\n\n [[0.29657795 0.2851711  0.10646388 0.31178707]\n  [0.4822695  0.17021277 0.11347518 0.23404255]\n  [0.17582418 0.14285714 0.38461538 0.2967033 ]\n  [0.4244186  0.53488372 0.03488372 0.00581395]]\n\n [[0.25339367 0.24886878 0.32579186 0.1719457 ]\n  [0.21860465 0.29302326 0.46046512 0.02790698]\n  [0.28571429 0.1547619  0.51785714 0.04166667]\n  [0.3125     0.13671875 0.27734375 0.2734375 ]]]\n\nID: gen_0_005\nScore: 7284.167564264673\nStrategy count:\n    U    D    N\n1: 0    6    4    \n2: 10   35   11   \n3: 36   11   5    \n4: 7    2    3    \nGenes:\n[[[0.27848101 0.39873418 0.01898734 0.30379747]\n  [0.08333333 0.18859649 0.34210526 0.38596491]\n  [0.16666667 0.20512821 0.53846154 0.08974359]\n  [0.29955947 0.37444934 0.14977974 0.17621145]]\n\n [[0.35971223 0.31654676 0.10791367 0.21582734]\n  [0.38738739 0.41441441 0.15765766 0.04054054]\n  [0.14563107 0.19902913 0.33495146 0.32038835]\n  [0.28840125 0.18808777 0.25705329 0.26645768]]\n\n [[0.15246637 0.367713   0.22869955 0.25112108]\n  [0.32608696 0.35217391 0.23043478 0.09130435]\n  [0.27631579 0.31140351 0.10526316 0.30701754]\n  [0.32098765 0.01234568 0.24691358 0.41975309]]]\n\nID: gen_0_012\nScore: 7285.715886162576\nStrategy count:\n    U    D    N\n1: 0    6    4    \n2: 10   35   11   \n3: 36   11   5    \n4: 7    2    3    \nGenes:\n[[[0.55617978 0.01685393 0.10674157 0.32022472]\n  [0.36       0.13714286 0.45142857 0.05142857]\n  [0.36595745 0.15319149 0.25106383 0.22978723]\n  [0.45859873 0.11464968 0.07643312 0.35031847]]\n\n [[0.26351351 0.25       0.16891892 0.31756757]\n  [0.16374269 0.26900585 0.19298246 0.37426901]\n  [0.         0.1037037  0.40740741 0.48888889]\n  [0.30859375 0.1640625  0.2578125  0.26953125]]\n\n [[0.15037594 0.01503759 0.43609023 0.39849624]\n  [0.29385965 0.29824561 0.12280702 0.28508772]\n  [0.11111111 0.11111111 0.16666667 0.61111111]\n  [0.16666667 0.59876543 0.19753086 0.03703704]]]\n\nID: gen_0_009\nScore: 7286.78404470786\nStrategy count:\n    U    D    N\n1: 0    6    4    \n2: 10   35   11   \n3: 36   11   5    \n4: 7    2    3    \nGenes:\n[[[0.20261438 0.24836601 0.00653595 0.54248366]\n  [0.372      0.268      0.224      0.136     ]\n  [0.19459459 0.14054054 0.43783784 0.22702703]\n  [0.28267477 0.26443769 0.23404255 0.21884498]]\n\n [[0.         0.63333333 0.025      0.34166667]\n  [0.02681992 0.25670498 0.34099617 0.37547893]\n  [0.22891566 0.23493976 0.2439759  0.29216867]\n  [0.32075472 0.32704403 0.03144654 0.32075472]]\n\n [[0.2284264  0.24365482 0.08121827 0.44670051]\n  [0.26392962 0.15542522 0.29032258 0.29032258]\n  [0.04460967 0.29739777 0.34572491 0.31226766]\n  [0.22772277 0.11881188 0.48514851 0.16831683]]]\n\nID: gen_0_002\nScore: 7291.4113386757645\nStrategy count:\n    U    D    N\n1: 0    6    4    \n2: 10   35   11   \n3: 36   11   5    \n4: 7    2    3    \nGenes:\n[[[0.27430556 0.31944444 0.09027778 0.31597222]\n  [0.30660377 0.08962264 0.41037736 0.19339623]\n  [0.29149798 0.32793522 0.2145749  0.1659919 ]\n  [0.095      0.4        0.385      0.12      ]]\n\n [[0.18584071 0.3539823  0.2920354  0.16814159]\n  [0.         0.45454545 0.44318182 0.10227273]\n  [0.03448276 0.1637931  0.45689655 0.34482759]\n  [0.38521401 0.0233463  0.29182879 0.29961089]]\n\n [[0.20858896 0.40490798 0.13496933 0.25153374]\n  [0.29677419 0.08387097 0.2        0.41935484]\n  [0.35185185 0.43518519 0.15740741 0.05555556]\n  [0.31609195 0.0862069  0.43103448 0.16666667]]]\n\nID: gen_0_006\nScore: 7297.548560522365\nStrategy count:\n    U    D    N\n1: 0    6    4    \n2: 10   35   11   \n3: 36   11   5    \n4: 7    2    3    \nGenes:\n[[[0.39726027 0.1369863  0.43378995 0.03196347]\n  [0.22279793 0.23316062 0.50259067 0.04145078]\n  [0.11612903 0.1483871  0.49677419 0.23870968]\n  [0.20879121 0.14285714 0.34798535 0.3003663 ]]\n\n [[0.4379562  0.13138686 0.24817518 0.18248175]\n  [0.47115385 0.19711538 0.11538462 0.21634615]\n  [0.2300885  0.7079646  0.04424779 0.01769912]\n  [0.01190476 0.32142857 0.14285714 0.52380952]]\n\n [[0.16117216 0.12087912 0.35897436 0.35897436]\n  [0.28654971 0.01754386 0.15789474 0.5380117 ]\n  [0.21637427 0.41520468 0.05263158 0.31578947]\n  [0.12111801 0.29503106 0.29192547 0.29192547]]]\n\nID: gen_0_013\nScore: 7299.73127447088\nStrategy count:\n    U    D    N\n1: 0    6    4    \n2: 10   35   11   \n3: 36   11   5    \n4: 7    2    3    \nGenes:\n[[[0.26223776 0.23426573 0.25524476 0.24825175]\n  [0.36842105 0.26900585 0.26900585 0.09356725]\n  [0.17073171 0.29268293 0.28919861 0.24738676]\n  [0.31818182 0.31818182 0.31818182 0.04545455]]\n\n [[0.51923077 0.05128205 0.32692308 0.1025641 ]\n  [0.09821429 0.1875     0.25       0.46428571]\n  [0.23255814 0.19601329 0.24584718 0.3255814 ]\n  [0.30923695 0.27710843 0.32931727 0.08433735]]\n\n [[0.52432432 0.15135135 0.         0.32432432]\n  [0.34831461 0.07116105 0.33333333 0.24719101]\n  [0.63703704 0.01481481 0.02222222 0.32592593]\n  [0.02906977 0.13372093 0.50581395 0.33139535]]]\n\nID: gen_0_001\nScore: 7309.310764605488\nStrategy count:\n    U    D    N\n1: 0    6    4    \n2: 10   35   11   \n3: 36   11   5    \n4: 7    2    3    \nGenes:\n[[[0.06586826 0.03592814 0.50299401 0.39520958]\n  [0.18322981 0.2826087  0.23913043 0.29503106]\n  [0.24719101 0.48314607 0.15730337 0.11235955]\n  [0.32335329 0.53293413 0.13173653 0.01197605]]\n\n [[0.5        0.23728814 0.09322034 0.16949153]\n  [0.16666667 0.32926829 0.2195122  0.28455285]\n  [0.25520833 0.25520833 0.35416667 0.13541667]\n  [0.07070707 0.3989899  0.16161616 0.36868687]]\n\n [[0.62328767 0.15753425 0.19178082 0.02739726]\n  [0.07589286 0.20089286 0.35714286 0.36607143]\n  [0.26068376 0.25641026 0.12820513 0.35470085]\n  [0.12       0.215      0.44       0.225     ]]]\n\nID: gen_0_011\nScore: 7318.278071929945\nStrategy count:\n    U    D    N\n1: 0    6    4    \n2: 10   35   11   \n3: 36   11   5    \n4: 7    2    3    \nGenes:\n[[[0.2145749  0.32793522 0.38461538 0.07287449]\n  [0.1        0.395      0.395      0.11      ]\n  [0.29955947 0.28193833 0.21585903 0.20264317]\n  [0.36923077 0.30769231 0.13333333 0.18974359]]\n\n [[0.14204545 0.50568182 0.20454545 0.14772727]\n  [0.12328767 0.26027397 0.34246575 0.2739726 ]\n  [0.2        0.23076923 0.08205128 0.48717949]\n  [0.33941606 0.21167883 0.25182482 0.19708029]]\n\n [[0.26443769 0.25835866 0.23100304 0.24620061]\n  [0.27272727 0.42613636 0.125      0.17613636]\n  [0.34254144 0.26519337 0.26519337 0.12707182]\n  [0.26923077 0.24175824 0.36813187 0.12087912]]]\n\nID: gen_0_014\nScore: 7343.155351072767\nStrategy count:\n    U    D    N\n1: 0    6    4    \n2: 10   35   11   \n3: 36   11   5    \n4: 7    2    3    \nGenes:\n[[[0.26582278 0.17088608 0.28797468 0.27531646]\n  [0.24503311 0.47682119 0.01324503 0.26490066]\n  [0.23595506 0.47752809 0.28089888 0.00561798]\n  [0.25       0.225      0.125      0.4       ]]\n\n [[0.21559633 0.16972477 0.44495413 0.16972477]\n  [0.14285714 0.01680672 0.64705882 0.19327731]\n  [0.37433155 0.26203209 0.18716578 0.17647059]\n  [0.29710145 0.15217391 0.15942029 0.39130435]]\n\n [[0.31067961 0.21359223 0.47087379 0.00485437]\n  [0.3229572  0.         0.3540856  0.3229572 ]\n  [0.22222222 0.32921811 0.26337449 0.18518519]\n  [0.16326531 0.48979592 0.07142857 0.2755102 ]]]\n\nID: gen_0_017\nScore: 7359.834381119737\nStrategy count:\n    U    D    N\n1: 0    6    4    \n2: 10   35   11   \n3: 36   11   5    \n4: 7    2    3    \nGenes:\n[[[0.06866953 0.29613734 0.36480687 0.27038627]\n  [0.40414508 0.44559585 0.07253886 0.07772021]\n  [0.10080645 0.22580645 0.35483871 0.31854839]\n  [0.0297619  0.51190476 0.23809524 0.2202381 ]]\n\n [[0.10041841 0.30543933 0.30543933 0.28870293]\n  [0.42857143 0.08333333 0.45238095 0.03571429]\n  [0.12413793 0.20689655 0.2137931  0.45517241]\n  [0.25670498 0.36398467 0.11111111 0.26819923]]\n\n [[0.2        0.28695652 0.1173913  0.39565217]\n  [0.19251337 0.32085561 0.34224599 0.14438503]\n  [0.05185185 0.54814815 0.00740741 0.39259259]\n  [0.26394052 0.30483271 0.17100372 0.26022305]]]\n\n"
     ]
    }
   ],
   "source": [
    "for i in sorted(individuals, key=lambda x: x.mean_score):\n",
    "    print(f\"ID: {i.ID}\")\n",
    "    print(f\"Score: {i.mean_score}\")\n",
    "    print(\"Strategy count:\")\n",
    "    print(f\"{'U':>5}{'D':>5}{'N':>5}\")\n",
    "    for w in range(1,5):\n",
    "        print(f\"{w}: {i.strategy_count[gen]['U'][w]:<5}{i.strategy_count[gen]['D'][w]:<5}{i.strategy_count[gen]['N'][w]:<5}\")\n",
    "    print(f\"Genes:\\n{i.genes}\")\n",
    "    print()"
   ]
  },
  {
   "cell_type": "code",
   "execution_count": null,
   "metadata": {},
   "outputs": [],
   "source": []
  }
 ]
}