{
 "metadata": {
  "language_info": {
   "codemirror_mode": {
    "name": "ipython",
    "version": 3
   },
   "file_extension": ".py",
   "mimetype": "text/x-python",
   "name": "python",
   "nbconvert_exporter": "python",
   "pygments_lexer": "ipython3",
   "version": "3.8.0"
  },
  "orig_nbformat": 2,
  "kernelspec": {
   "name": "python380jvsc74a57bd0d1135e85b24d6fc36dc6a0cb37a446f4ea6c1d1c5d9ce7e53624fd1bcca00fa0",
   "display_name": "Python 3.8.0 64-bit ('epidemics': conda)"
  }
 },
 "nbformat": 4,
 "nbformat_minor": 2,
 "cells": [
  {
   "cell_type": "code",
   "execution_count": 1,
   "metadata": {},
   "outputs": [],
   "source": [
    "import os\n",
    "import utils\n",
    "import numpy as np\n",
    "import pandas as pd\n",
    "import matplotlib.pyplot as plt\n",
    "import seaborn as sns\n",
    "from collections import defaultdict\n",
    "from functools import partial"
   ]
  },
  {
   "cell_type": "code",
   "execution_count": 2,
   "metadata": {},
   "outputs": [],
   "source": [
    "def read_all_results(dir_path):\n",
    "    paths = os.listdir(dir_path)\n",
    "    last_gens = []\n",
    "    for i in range(len(paths)):\n",
    "        path = dir_path + paths[i]\n",
    "        try:\n",
    "            last_gen = sorted(map(lambda x: x.split(\"_\"), \n",
    "                            os.listdir(f\"{path}/individuals/\")), \n",
    "                            key=lambda x: int(x[1].split(\".\")[0]))[-1][-1][:-4]\n",
    "            print(f\"{i+1}: Path: {paths[i]}, last generation: {int(last_gen)}\")\n",
    "            last_gens.append(int(last_gen))\n",
    "        except:\n",
    "            continue\n",
    "    return paths, last_gens"
   ]
  },
  {
   "cell_type": "code",
   "execution_count": 5,
   "metadata": {},
   "outputs": [
    {
     "output_type": "stream",
     "name": "stdout",
     "text": [
      "1: Path: GA_2021_06_02_13_37_12, last generation: 43\n2: Path: GA_2021_06_02_13_37_24, last generation: 39\n3: Path: GA_2021_06_02_13_34_16, last generation: 32\n4: Path: GA_2021_06_02_13_36_45, last generation: 34\n5: Path: GA_2021_06_02_13_33_28, last generation: 32\n6: Path: GA_2021_06_02_13_34_00, last generation: 31\n7: Path: GA_2021_06_02_18_57_31, last generation: 9\n8: Path: GA_2021_06_02_13_32_50, last generation: 35\n9: Path: GA_2021_06_02_13_36_32, last generation: 30\n"
     ]
    }
   ],
   "source": [
    "dir_path = \"results/\"\n",
    "paths, last_gens = read_all_results(dir_path)"
   ]
  },
  {
   "cell_type": "code",
   "execution_count": 25,
   "metadata": {},
   "outputs": [
    {
     "output_type": "stream",
     "name": "stdout",
     "text": [
      "{\n    \"objective\": \"yll\",\n    \"simulations\": 15,\n    \"process\": {\n        \"horizon\": 74,\n        \"decision_period\": 28,\n        \"policy\": \"weighted\"\n    },\n    \"population_size\": 50,\n    \"random_individuals\": true,\n    \"min_generations\": 100\n}\n"
     ]
    }
   ],
   "source": [
    "run = 2\n",
    "path = dir_path + paths[run-1]\n",
    "with open(path + \"/run_params.json\", \"r\") as file:\n",
    "    print(file.read())\n",
    "    file.close()"
   ]
  },
  {
   "source": [
    "## Individual results"
   ],
   "cell_type": "markdown",
   "metadata": {}
  },
  {
   "cell_type": "code",
   "execution_count": 26,
   "metadata": {},
   "outputs": [],
   "source": [
    "gen = 39\n",
    "individuals_path =  f\"{path}/individuals/individuals_{gen}.pkl\"\n",
    "individuals = utils.read_pickle(individuals_path)"
   ]
  },
  {
   "cell_type": "code",
   "execution_count": 27,
   "metadata": {
    "tags": []
   },
   "outputs": [
    {
     "output_type": "stream",
     "name": "stdout",
     "text": [
      "Strategy_count:\n\u001b[1m#   U    D    N    \u001b[0m\n1 | 35   35   36   \n2 | 27   32   36   \n3 | 12   17   33   \n4 | 1    6    28   \n5 | 0    0    16   \n6 | 0    0    2    \n\n\u001b[1m1st place:\u001b[0m\nID: gen_13_008\nScore: 15699.727\nGenes:\n[[[0.15  0.126 0.333 0.073 0.319]\n  [0.056 0.202 0.493 0.089 0.16 ]\n  [0.332 0.142 0.132 0.324 0.07 ]]\n\n [[0.016 0.125 0.554 0.229 0.076]\n  [0.176 0.162 0.306 0.261 0.095]\n  [0.236 0.134 0.152 0.165 0.313]]\n\n [[0.201 0.293 0.091 0.349 0.066]\n  [0.084 0.247 0.433 0.074 0.162]\n  [0.252 0.249 0.271 0.212 0.017]]]\n\n\u001b[1m2nd place:\u001b[0m\nID: gen_38_011\nScore: 16889.667\nGenes:\n[[[0.196 0.164 0.435 0.095 0.11 ]\n  [0.056 0.202 0.493 0.089 0.16 ]\n  [0.328 0.144 0.144 0.304 0.081]]\n\n [[0.016 0.125 0.554 0.229 0.076]\n  [0.176 0.162 0.306 0.261 0.095]\n  [0.175 0.169 0.194 0.22  0.243]]\n\n [[0.201 0.293 0.091 0.349 0.066]\n  [0.258 0.2   0.351 0.06  0.131]\n  [0.252 0.254 0.272 0.202 0.02 ]]]\n\n\u001b[1m3rd place:\u001b[0m\nID: gen_28_004\nScore: 16941.333\nGenes:\n[[[0.134 0.187 0.324 0.068 0.287]\n  [0.043 0.197 0.502 0.101 0.157]\n  [0.327 0.137 0.117 0.325 0.094]]\n\n [[0.006 0.122 0.589 0.199 0.084]\n  [0.138 0.202 0.324 0.243 0.093]\n  [0.164 0.19  0.213 0.231 0.201]]\n\n [[0.202 0.29  0.08  0.34  0.089]\n  [0.066 0.192 0.343 0.185 0.213]\n  [0.24  0.233 0.257 0.209 0.062]]]\n\n\u001b[1m4th place:\u001b[0m\nID: gen_24_013\nScore: 16949.545\nGenes:\n[[[0.153 0.128 0.339 0.074 0.306]\n  [0.055 0.198 0.485 0.094 0.167]\n  [0.371 0.159 0.148 0.216 0.106]]\n\n [[0.016 0.127 0.563 0.213 0.08 ]\n  [0.278 0.155 0.283 0.206 0.078]\n  [0.161 0.172 0.195 0.217 0.255]]\n\n [[0.198 0.288 0.09  0.338 0.086]\n  [0.068 0.199 0.35  0.158 0.225]\n  [0.244 0.241 0.262 0.204 0.049]]]\n\n\u001b[1m5th place:\u001b[0m\nID: gen_7_006\nScore: 16952.8\nGenes:\n[[[0.16  0.143 0.388 0.086 0.223]\n  [0.038 0.177 0.449 0.133 0.203]\n  [0.29  0.122 0.104 0.244 0.24 ]]\n\n [[0.007 0.134 0.649 0.1   0.111]\n  [0.288 0.27  0.377 0.026 0.039]\n  [0.197 0.229 0.256 0.312 0.006]]\n\n [[0.182 0.262 0.073 0.268 0.215]\n  [0.06  0.175 0.312 0.395 0.058]\n  [0.188 0.182 0.202 0.156 0.272]]]\n\n\u001b[1m6th place:\u001b[0m\nID: gen_19_014\nScore: 16960.133\nGenes:\n[[[0.144 0.117 0.306 0.151 0.283]\n  [0.062 0.2   0.479 0.089 0.17 ]\n  [0.327 0.142 0.137 0.308 0.087]]\n\n [[0.021 0.129 0.548 0.224 0.077]\n  [0.198 0.082 0.355 0.265 0.1  ]\n  [0.155 0.158 0.18  0.202 0.306]]\n\n [[0.197 0.289 0.095 0.339 0.08 ]\n  [0.07  0.207 0.36  0.121 0.241]\n  [0.248 0.247 0.267 0.203 0.035]]]\n\n\u001b[1m7th place:\u001b[0m\nID: gen_3_006\nScore: 16976.636\nGenes:\n[[[0.139 0.125 0.339 0.07  0.327]\n  [0.044 0.202 0.514 0.094 0.146]\n  [0.335 0.141 0.12  0.344 0.06 ]]\n\n [[0.006 0.119 0.576 0.222 0.078]\n  [0.18  0.169 0.282 0.272 0.097]\n  [0.136 0.158 0.177 0.183 0.346]]\n\n [[0.206 0.296 0.082 0.356 0.059]\n  [0.075 0.218 0.389 0.046 0.272]\n  [0.252 0.244 0.27  0.221 0.013]]]\n\n\u001b[1m8th place:\u001b[0m\nID: gen_30_015\nScore: 16983.0\nGenes:\n[[[0.149 0.128 0.345 0.074 0.303]\n  [0.049 0.197 0.492 0.099 0.164]\n  [0.325 0.138 0.123 0.315 0.099]]\n\n [[0.011 0.125 0.579 0.202 0.083]\n  [0.203 0.189 0.295 0.226 0.087]\n  [0.167 0.187 0.21  0.232 0.204]]\n\n [[0.195 0.305 0.083 0.328 0.09 ]\n  [0.066 0.191 0.339 0.195 0.21 ]\n  [0.24  0.235 0.258 0.204 0.064]]]\n\n\u001b[1m9th place:\u001b[0m\nID: gen_22_010\nScore: 16995.733\nGenes:\n[[[0.118 0.285 0.275 0.058 0.264]\n  [0.05  0.202 0.504 0.091 0.153]\n  [0.334 0.142 0.126 0.334 0.065]]\n\n [[0.011 0.122 0.565 0.225 0.077]\n  [0.178 0.165 0.294 0.266 0.096]\n  [0.179 0.199 0.224 0.237 0.161]]\n\n [[0.204 0.294 0.087 0.352 0.063]\n  [0.075 0.217 0.385 0.056 0.268]\n  [0.252 0.247 0.27  0.216 0.015]]]\n\n\u001b[1m10th place:\u001b[0m\nID: gen_36_012\nScore: 16996.409\nGenes:\n[[[0.154 0.129 0.33  0.075 0.312]\n  [0.056 0.203 0.479 0.085 0.176]\n  [0.442 0.171 0.171 0.119 0.096]]\n\n [[0.016 0.129 0.541 0.239 0.076]\n  [0.251 0.14  0.297 0.227 0.085]\n  [0.159 0.141 0.162 0.184 0.353]]\n\n [[0.165 0.239 0.252 0.283 0.061]\n  [0.068 0.216 0.373 0.085 0.258]\n  [0.246 0.256 0.274 0.204 0.02 ]]]\n\n\u001b[1m11th place:\u001b[0m\nID: gen_18_005\nScore: 17017.045\nGenes:\n[[[0.141 0.126 0.342 0.071 0.321]\n  [0.041 0.237 0.487 0.092 0.143]\n  [0.333 0.14  0.119 0.338 0.071]]\n\n [[0.006 0.12  0.58  0.215 0.08 ]\n  [0.187 0.175 0.288 0.256 0.093]\n  [0.145 0.169 0.189 0.199 0.297]]\n\n [[0.205 0.294 0.082 0.351 0.069]\n  [0.072 0.209 0.374 0.092 0.252]\n  [0.211 0.252 0.279 0.227 0.031]]]\n\n\u001b[1m12th place:\u001b[0m\nID: gen_14_007\nScore: 17029.6\nGenes:\n[[[0.158 0.125 0.322 0.074 0.322]\n  [0.07  0.204 0.481 0.095 0.149]\n  [0.322 0.141 0.141 0.338 0.059]]\n\n [[0.026 0.131 0.531 0.234 0.077]\n  [0.167 0.151 0.321 0.265 0.095]\n  [0.151 0.145 0.167 0.186 0.351]]\n\n [[0.199 0.294 0.101 0.346 0.06 ]\n  [0.074 0.22  0.38  0.047 0.278]\n  [0.249 0.251 0.269 0.218 0.013]]]\n\n\u001b[1m13th place:\u001b[0m\nID: gen_12_012\nScore: 17034.133\nGenes:\n[[[0.161 0.127 0.328 0.075 0.31 ]\n  [0.046 0.212 0.539 0.028 0.174]\n  [0.324 0.136 0.116 0.319 0.105]]\n\n [[0.096 0.122 0.495 0.218 0.069]\n  [0.207 0.194 0.306 0.21  0.082]\n  [0.173 0.201 0.226 0.247 0.153]]\n\n [[0.196 0.289 0.1   0.341 0.073]\n  [0.063 0.183 0.328 0.231 0.194]\n  [0.236 0.229 0.253 0.205 0.078]]]\n\n\u001b[1m14th place:\u001b[0m\nID: gen_16_007\nScore: 17034.2\nGenes:\n[[[0.163 0.099 0.334 0.071 0.333]\n  [0.044 0.202 0.514 0.094 0.146]\n  [0.335 0.141 0.12  0.344 0.06 ]]\n\n [[0.026 0.133 0.538 0.224 0.078]\n  [0.175 0.164 0.274 0.264 0.123]\n  [0.136 0.158 0.177 0.183 0.346]]\n\n [[0.196 0.289 0.1   0.356 0.059]\n  [0.075 0.218 0.389 0.046 0.272]\n  [0.252 0.244 0.27  0.221 0.013]]]\n\n\u001b[1m15th place:\u001b[0m\nID: gen_10_010\nScore: 17042.2\nGenes:\n[[[0.145 0.125 0.336 0.071 0.323]\n  [0.05  0.202 0.504 0.091 0.153]\n  [0.334 0.142 0.126 0.334 0.065]]\n\n [[0.011 0.122 0.565 0.225 0.077]\n  [0.199 0.07  0.328 0.297 0.107]\n  [0.139 0.154 0.174 0.184 0.349]]\n\n [[0.185 0.267 0.079 0.32  0.15 ]\n  [0.075 0.217 0.385 0.056 0.268]\n  [0.252 0.247 0.27  0.216 0.015]]]\n\n\u001b[1m16th place:\u001b[0m\nID: gen_5_008\nScore: 17052.733\nGenes:\n[[[0.224 0.133 0.294 0.089 0.26 ]\n  [0.142 0.197 0.35  0.055 0.256]\n  [0.215 0.113 0.176 0.374 0.122]]\n\n [[0.086 0.169 0.405 0.274 0.065]\n  [0.191 0.156 0.285 0.257 0.111]\n  [0.188 0.099 0.126 0.195 0.392]]\n\n [[0.167 0.27  0.153 0.295 0.116]\n  [0.063 0.208 0.317 0.199 0.212]\n  [0.252 0.282 0.279 0.147 0.04 ]]]\n\n\u001b[1m17th place:\u001b[0m\nID: gen_9_010\nScore: 17068.682\nGenes:\n[[[0.145 0.129 0.351 0.074 0.301]\n  [0.042 0.196 0.498 0.103 0.161]\n  [0.324 0.136 0.116 0.319 0.105]]\n\n [[0.006 0.122 0.594 0.192 0.086]\n  [0.207 0.194 0.306 0.21  0.082]\n  [0.173 0.201 0.226 0.247 0.153]]\n\n [[0.2   0.287 0.08  0.334 0.098]\n  [0.063 0.183 0.328 0.231 0.194]\n  [0.236 0.229 0.253 0.205 0.078]]]\n\n\u001b[1m18th place:\u001b[0m\nID: gen_11_005\nScore: 17105.4\nGenes:\n[[[0.141 0.126 0.342 0.071 0.321]\n  [0.043 0.201 0.51  0.096 0.15 ]\n  [0.333 0.14  0.119 0.338 0.071]]\n\n [[0.006 0.12  0.58  0.215 0.08 ]\n  [0.187 0.175 0.288 0.256 0.093]\n  [0.144 0.168 0.188 0.204 0.296]]\n\n [[0.2   0.295 0.082 0.353 0.069]\n  [0.072 0.209 0.374 0.092 0.252]\n  [0.248 0.24  0.266 0.217 0.03 ]]]\n\n\u001b[1m19th place:\u001b[0m\nID: gen_21_011\nScore: 17105.8\nGenes:\n[[[0.143 0.128 0.348 0.073 0.308]\n  [0.04  0.187 0.474 0.08  0.218]\n  [0.337 0.142 0.12  0.316 0.084]]\n\n [[0.006 0.124 0.601 0.194 0.075]\n  [0.197 0.184 0.291 0.238 0.089]\n  [0.151 0.176 0.197 0.163 0.312]]\n\n [[0.205 0.295 0.082 0.343 0.075]\n  [0.069 0.2   0.358 0.092 0.281]\n  [0.266 0.196 0.286 0.229 0.023]]]\n\n\u001b[1m20th place:\u001b[0m\nID: gen_0_047\nScore: 17112.727\nGenes:\n[[[0.21  0.225 0.296 0.075 0.195]\n  [0.166 0.22  0.23  0.152 0.232]\n  [0.176 0.156 0.156 0.236 0.277]]\n\n [[0.241 0.438 0.133 0.089 0.099]\n  [0.122 0.585 0.252 0.016 0.024]\n  [0.262 0.338 0.181 0.215 0.004]]\n\n [[0.236 0.011 0.208 0.303 0.243]\n  [0.226 0.194 0.016 0.492 0.073]\n  [0.04  0.166 0.221 0.209 0.364]]]\n\n\u001b[1m21st place:\u001b[0m\nID: gen_20_015\nScore: 17112.867\nGenes:\n[[[0.149 0.128 0.345 0.074 0.303]\n  [0.049 0.197 0.492 0.099 0.164]\n  [0.325 0.138 0.123 0.315 0.099]]\n\n [[0.011 0.125 0.579 0.202 0.083]\n  [0.198 0.184 0.312 0.22  0.085]\n  [0.167 0.187 0.21  0.232 0.204]]\n\n [[0.199 0.288 0.085 0.336 0.092]\n  [0.066 0.191 0.339 0.195 0.21 ]\n  [0.24  0.235 0.258 0.204 0.064]]]\n\n\u001b[1m22nd place:\u001b[0m\nID: gen_27_010\nScore: 17115.6\nGenes:\n[[[0.145 0.125 0.336 0.071 0.323]\n  [0.05  0.202 0.504 0.091 0.153]\n  [0.334 0.142 0.126 0.334 0.065]]\n\n [[0.014 0.154 0.716 0.019 0.097]\n  [0.178 0.165 0.294 0.266 0.096]\n  [0.139 0.154 0.174 0.184 0.349]]\n\n [[0.204 0.294 0.087 0.352 0.063]\n  [0.075 0.217 0.385 0.056 0.268]\n  [0.208 0.204 0.223 0.179 0.186]]]\n\n\u001b[1m23rd place:\u001b[0m\nID: gen_25_014\nScore: 17117.133\nGenes:\n[[[0.157 0.127 0.333 0.075 0.308]\n  [0.062 0.2   0.479 0.089 0.17 ]\n  [0.327 0.142 0.137 0.308 0.087]]\n\n [[0.021 0.129 0.548 0.224 0.077]\n  [0.18  0.165 0.323 0.241 0.091]\n  [0.299 0.131 0.149 0.167 0.254]]\n\n [[0.197 0.289 0.095 0.339 0.08 ]\n  [0.088 0.261 0.195 0.152 0.304]\n  [0.248 0.247 0.267 0.203 0.035]]]\n\n\u001b[1m24th place:\u001b[0m\nID: gen_37_015\nScore: 17119.4\nGenes:\n[[[0.143 0.126 0.336 0.071 0.324]\n  [0.047 0.203 0.505 0.092 0.154]\n  [0.471 0.123 0.11  0.239 0.057]]\n\n [[0.011 0.152 0.455 0.285 0.097]\n  [0.198 0.162 0.286 0.26  0.094]\n  [0.142 0.154 0.173 0.184 0.348]]\n\n [[0.196 0.282 0.125 0.338 0.06 ]\n  [0.074 0.217 0.385 0.056 0.269]\n  [0.25  0.247 0.271 0.217 0.015]]]\n\n\u001b[1m25th place:\u001b[0m\nID: gen_39_015\nScore: 17135.2\nGenes:\n[[[0.155 0.125 0.326 0.073 0.322]\n  [0.045 0.202 0.511 0.093 0.148]\n  [0.305 0.128 0.11  0.311 0.146]]\n\n [[0.022 0.129 0.54  0.232 0.077]\n  [0.23  0.214 0.087 0.345 0.123]\n  [0.137 0.157 0.176 0.184 0.346]]\n\n [[0.085 0.27  0.09  0.32  0.234]\n  [0.075 0.217 0.388 0.048 0.271]\n  [0.252 0.245 0.27  0.22  0.014]]]\n\n\u001b[1m26th place:\u001b[0m\nID: gen_6_008\nScore: 17136.6\nGenes:\n[[[0.134 0.134 0.243 0.289 0.2  ]\n  [0.105 0.211 0.372 0.123 0.189]\n  [0.256 0.148 0.138 0.29  0.168]]\n\n [[0.124 0.279 0.354 0.155 0.088]\n  [0.217 0.104 0.384 0.207 0.087]\n  [0.199 0.248 0.179 0.199 0.175]]\n\n [[0.221 0.153 0.145 0.33  0.151]\n  [0.151 0.206 0.203 0.269 0.172]\n  [0.146 0.205 0.246 0.215 0.189]]]\n\n\u001b[1m27th place:\u001b[0m\nID: gen_17_007\nScore: 17142.4\nGenes:\n[[[0.155 0.124 0.332 0.069 0.321]\n  [0.067 0.197 0.502 0.091 0.143]\n  [0.33  0.142 0.121 0.347 0.06 ]]\n\n [[0.025 0.127 0.557 0.215 0.075]\n  [0.173 0.17  0.285 0.274 0.098]\n  [0.147 0.158 0.174 0.181 0.34 ]]\n\n [[0.2   0.294 0.084 0.362 0.06 ]\n  [0.072 0.218 0.39  0.046 0.273]\n  [0.252 0.244 0.27  0.221 0.013]]]\n\n\u001b[1m28th place:\u001b[0m\nID: gen_26_006\nScore: 17143.667\nGenes:\n[[[0.155 0.138 0.285 0.078 0.344]\n  [0.043 0.197 0.5   0.091 0.169]\n  [0.329 0.138 0.117 0.337 0.079]]\n\n [[0.006 0.119 0.577 0.223 0.075]\n  [0.181 0.169 0.283 0.272 0.094]\n  [0.134 0.156 0.175 0.181 0.353]]\n\n [[0.203 0.292 0.081 0.351 0.072]\n  [0.071 0.204 0.365 0.043 0.318]\n  [0.25  0.243 0.268 0.219 0.02 ]]]\n\n\u001b[1m29th place:\u001b[0m\nID: gen_29_003\nScore: 17151.842\nGenes:\n[[[0.126 0.112 0.305 0.178 0.278]\n  [0.043 0.199 0.506 0.099 0.154]\n  [0.33  0.139 0.118 0.332 0.082]]\n\n [[0.006 0.121 0.585 0.207 0.082]\n  [0.194 0.181 0.294 0.241 0.09 ]\n  [0.178 0.206 0.083 0.247 0.286]]\n\n [[0.203 0.292 0.081 0.345 0.079]\n  [0.069 0.2   0.359 0.139 0.233]\n  [0.244 0.237 0.261 0.213 0.046]]]\n\n\u001b[1m30th place:\u001b[0m\nID: gen_4_004\nScore: 17152.4\nGenes:\n[[[0.158 0.166 0.43  0.059 0.187]\n  [0.045 0.243 0.171 0.289 0.251]\n  [0.245 0.061 0.175 0.26  0.259]]\n\n [[0.198 0.06  0.277 0.248 0.217]\n  [0.204 0.201 0.251 0.227 0.118]\n  [0.194 0.206 0.153 0.132 0.315]]\n\n [[0.258 0.261 0.164 0.247 0.07 ]\n  [0.088 0.068 0.426 0.07  0.348]\n  [0.157 0.278 0.158 0.24  0.166]]]\n\n\u001b[1m31st place:\u001b[0m\nID: gen_33_006\nScore: 17181.733\nGenes:\n[[[0.149 0.133 0.363 0.022 0.333]\n  [0.043 0.199 0.505 0.083 0.171]\n  [0.342 0.144 0.122 0.31  0.083]]\n\n [[0.006 0.119 0.577 0.223 0.075]\n  [0.185 0.173 0.289 0.257 0.096]\n  [0.134 0.156 0.174 0.184 0.352]]\n\n [[0.203 0.292 0.081 0.351 0.072]\n  [0.074 0.213 0.38  0.082 0.251]\n  [0.242 0.235 0.26  0.195 0.068]]]\n\n\u001b[1m32nd place:\u001b[0m\nID: gen_23_004\nScore: 17189.467\nGenes:\n[[[0.143 0.128 0.348 0.073 0.308]\n  [0.08  0.19  0.482 0.097 0.151]\n  [0.327 0.137 0.117 0.325 0.094]]\n\n [[0.006 0.127 0.615 0.208 0.045]\n  [0.201 0.188 0.3   0.226 0.086]\n  [0.164 0.19  0.213 0.231 0.201]]\n\n [[0.202 0.29  0.08  0.34  0.089]\n  [0.066 0.192 0.343 0.185 0.213]\n  [0.24  0.233 0.257 0.209 0.062]]]\n\n\u001b[1m33rd place:\u001b[0m\nID: gen_0_007\nScore: 17248.318\nGenes:\n[[[0.308 0.141 0.25  0.109 0.192]\n  [0.241 0.191 0.187 0.017 0.365]\n  [0.094 0.085 0.233 0.404 0.184]]\n\n [[0.167 0.22  0.235 0.326 0.053]\n  [0.202 0.142 0.288 0.243 0.125]\n  [0.213 0.169 0.058 0.179 0.382]]\n\n [[0.151 0.283 0.102 0.275 0.189]\n  [0.051 0.199 0.245 0.352 0.153]\n  [0.252 0.319 0.289 0.074 0.067]]]\n\n\u001b[1m34th place:\u001b[0m\nID: gen_0_013\nScore: 17330.273\nGenes:\n[[[0.149 0.359 0.044 0.065 0.383]\n  [0.243 0.152 0.12  0.165 0.32 ]\n  [0.061 0.122 0.148 0.265 0.404]]\n\n [[0.206 0.102 0.195 0.251 0.246]\n  [0.182 0.341 0.023 0.352 0.102]\n  [0.421 0.051 0.315 0.166 0.047]]\n\n [[0.472 0.249 0.127 0.061 0.091]\n  [0.078 0.125 0.641 0.094 0.062]\n  [0.072 0.163 0.255 0.137 0.373]]]\n\n\u001b[1m35th place:\u001b[0m\nID: gen_0_032\nScore: 17351.409\nGenes:\n[[[0.164 0.18  0.461 0.055 0.141]\n  [0.046 0.257 0.057 0.354 0.286]\n  [0.215 0.034 0.194 0.232 0.325]]\n\n [[0.261 0.04  0.178 0.256 0.264]\n  [0.212 0.212 0.24  0.212 0.125]\n  [0.214 0.221 0.145 0.115 0.305]]\n\n [[0.276 0.249 0.191 0.211 0.073]\n  [0.092 0.018 0.438 0.078 0.373]\n  [0.126 0.29  0.121 0.246 0.217]]]\n\n\u001b[1m36th place:\u001b[0m\nID: gen_34_010\nScore: 17536.545\nGenes:\n[[[0.145 0.125 0.336 0.071 0.323]\n  [0.05  0.202 0.504 0.091 0.153]\n  [0.334 0.142 0.126 0.334 0.065]]\n\n [[0.011 0.122 0.565 0.225 0.077]\n  [0.178 0.165 0.294 0.266 0.096]\n  [0.139 0.154 0.174 0.184 0.349]]\n\n [[0.204 0.294 0.087 0.352 0.063]\n  [0.075 0.217 0.385 0.056 0.268]\n  [0.252 0.247 0.27  0.216 0.015]]]\n\n\u001b[1m37th place:\u001b[0m\nID: gen_15_006\nScore: 17573.818\nGenes:\n[[[0.142 0.129 0.335 0.077 0.317]\n  [0.068 0.201 0.473 0.084 0.174]\n  [0.328 0.144 0.144 0.304 0.081]]\n\n [[0.006 0.134 0.544 0.24  0.076]\n  [0.171 0.155 0.329 0.251 0.094]\n  [0.175 0.169 0.194 0.22  0.243]]\n\n [[0.308 0.249 0.086 0.294 0.063]\n  [0.072 0.215 0.371 0.084 0.257]\n  [0.252 0.254 0.272 0.202 0.02 ]]]\n\n\u001b[1m38th place:\u001b[0m\nID: gen_31_007\nScore: 17595.5\nGenes:\n[[[0.158 0.125 0.322 0.074 0.322]\n  [0.044 0.202 0.514 0.094 0.146]\n  [0.295 0.124 0.105 0.303 0.173]]\n\n [[0.026 0.131 0.531 0.234 0.077]\n  [0.18  0.169 0.282 0.272 0.097]\n  [0.136 0.158 0.177 0.183 0.346]]\n\n [[0.071 0.341 0.117 0.401 0.07 ]\n  [0.075 0.218 0.389 0.046 0.272]\n  [0.252 0.244 0.27  0.221 0.013]]]\n\n\u001b[1m39th place:\u001b[0m\nID: gen_32_015\nScore: 17641.818\nGenes:\n[[[0.149 0.128 0.345 0.074 0.303]\n  [0.049 0.197 0.492 0.099 0.164]\n  [0.325 0.138 0.123 0.315 0.099]]\n\n [[0.011 0.125 0.579 0.202 0.083]\n  [0.198 0.184 0.312 0.22  0.085]\n  [0.167 0.187 0.21  0.232 0.204]]\n\n [[0.199 0.288 0.085 0.336 0.092]\n  [0.066 0.191 0.339 0.195 0.21 ]\n  [0.24  0.235 0.258 0.204 0.064]]]\n\n\u001b[1m40th place:\u001b[0m\nID: gen_0_045\nScore: 17673.2\nGenes:\n[[[0.119 0.066 0.35  0.243 0.222]\n  [0.021 0.374 0.079 0.521 0.005]\n  [0.344 0.183 0.088 0.042 0.344]]\n\n [[0.047 0.017 0.32  0.116 0.5  ]\n  [0.081 0.398 0.021 0.271 0.229]\n  [0.173 0.177 0.35  0.279 0.022]]\n\n [[0.217 0.264 0.213 0.279 0.027]\n  [0.047 0.351 0.07  0.146 0.386]\n  [0.197 0.119 0.025 0.402 0.258]]]\n\n\u001b[1m41st place:\u001b[0m\nID: gen_0_009\nScore: 17680.2\nGenes:\n[[[0.113 0.    0.279 0.269 0.339]\n  [0.262 0.    0.461 0.047 0.23 ]\n  [0.344 0.271 0.114 0.018 0.253]]\n\n [[0.372 0.079 0.095 0.099 0.356]\n  [0.086 0.28  0.358 0.054 0.222]\n  [0.247 0.318 0.1   0.114 0.221]]\n\n [[0.164 0.207 0.097 0.249 0.283]\n  [0.205 0.172 0.114 0.256 0.253]\n  [0.206 0.443 0.    0.01  0.34 ]]]\n\n\u001b[1m42nd place:\u001b[0m\nID: gen_0_005\nScore: 17697.867\nGenes:\n[[[0.425 0.058 0.438 0.004 0.075]\n  [0.214 0.224 0.25  0.026 0.286]\n  [0.291 0.268 0.254 0.047 0.14 ]]\n\n [[0.208 0.087 0.248 0.214 0.243]\n  [0.076 0.23  0.251 0.166 0.277]\n  [0.307 0.022 0.077 0.288 0.307]]\n\n [[0.356 0.055 0.172 0.362 0.055]\n  [0.131 0.206 0.32  0.065 0.278]\n  [0.181 0.009 0.414 0.267 0.129]]]\n\n\u001b[1m43rd place:\u001b[0m\nID: gen_0_048\nScore: 17706.8\nGenes:\n[[[0.418 0.091 0.059 0.259 0.173]\n  [0.115 0.262 0.249 0.292 0.082]\n  [0.209 0.297 0.294 0.089 0.111]]\n\n [[0.096 0.096 0.343 0.251 0.214]\n  [0.365 0.252 0.013 0.126 0.245]\n  [0.073 0.168 0.178 0.234 0.346]]\n\n [[0.252 0.216 0.308 0.22  0.003]\n  [0.309 0.404 0.016 0.074 0.197]\n  [0.312 0.266 0.036 0.068 0.318]]]\n\n\u001b[1m44th place:\u001b[0m\nID: gen_0_037\nScore: 17714.467\nGenes:\n[[[0.143 0.31  0.105 0.247 0.195]\n  [0.185 0.129 0.069 0.362 0.254]\n  [0.024 0.299 0.539 0.042 0.096]]\n\n [[0.1   0.347 0.329 0.212 0.012]\n  [0.227 0.288 0.12  0.209 0.156]\n  [0.258 0.25  0.147 0.13  0.215]]\n\n [[0.088 0.231 0.046 0.316 0.319]\n  [0.231 0.137 0.255 0.104 0.274]\n  [0.222 0.283 0.242 0.247 0.005]]]\n\n\u001b[1m45th place:\u001b[0m\nID: gen_0_017\nScore: 17719.0\nGenes:\n[[[0.377 0.004 0.397 0.02  0.202]\n  [0.239 0.218 0.213 0.205 0.124]\n  [0.309 0.351 0.011 0.038 0.291]]\n\n [[0.199 0.132 0.243 0.149 0.278]\n  [0.025 0.262 0.025 0.316 0.371]\n  [0.08  0.199 0.224 0.252 0.244]]\n\n [[0.174 0.229 0.275 0.097 0.225]\n  [0.25  0.196 0.193 0.291 0.07 ]\n  [0.144 0.217 0.313 0.083 0.243]]]\n\n\u001b[1m46th place:\u001b[0m\nID: gen_2_011\nScore: 17721.163\nGenes:\n[[[0.139 0.125 0.339 0.07  0.327]\n  [0.044 0.202 0.514 0.094 0.146]\n  [0.334 0.14  0.119 0.342 0.065]]\n\n [[0.006 0.119 0.576 0.222 0.078]\n  [0.18  0.169 0.282 0.272 0.097]\n  [0.14  0.163 0.183 0.189 0.325]]\n\n [[0.206 0.296 0.082 0.356 0.059]\n  [0.075 0.218 0.389 0.046 0.272]\n  [0.252 0.245 0.27  0.221 0.012]]]\n\n\u001b[1m47th place:\u001b[0m\nID: gen_0_019\nScore: 17728.733\nGenes:\n[[[0.209 0.238 0.184 0.128 0.241]\n  [0.408 0.049 0.3   0.22  0.022]\n  [0.232 0.    0.355 0.286 0.127]]\n\n [[0.208 0.23  0.161 0.21  0.191]\n  [0.345 0.447 0.005 0.132 0.071]\n  [0.17  0.312 0.322 0.043 0.152]]\n\n [[0.012 0.346 0.071 0.307 0.264]\n  [0.242 0.264 0.255 0.038 0.201]\n  [0.316 0.03  0.226 0.184 0.244]]]\n\n\u001b[1m48th place:\u001b[0m\nID: gen_0_012\nScore: 17774.4\nGenes:\n[[[0.288 0.176 0.279 0.031 0.226]\n  [0.305 0.088 0.196 0.323 0.088]\n  [0.352 0.273 0.123 0.075 0.176]]\n\n [[0.251 0.259 0.168 0.115 0.206]\n  [0.043 0.308 0.07  0.416 0.162]\n  [0.259 0.19  0.245 0.069 0.236]]\n\n [[0.114 0.119 0.242 0.203 0.322]\n  [0.    0.184 0.244 0.222 0.35 ]\n  [0.313 0.106 0.175 0.267 0.138]]]\n\n\u001b[1m49th place:\u001b[0m\nID: gen_0_022\nScore: 17775.933\nGenes:\n[[[0.194 0.361 0.205 0.03  0.209]\n  [0.12  0.078 0.391 0.344 0.068]\n  [0.373 0.328 0.104 0.194 0.   ]]\n\n [[0.262 0.283 0.214 0.134 0.107]\n  [0.183 0.251 0.17  0.217 0.18 ]\n  [0.138 0.192 0.269 0.232 0.169]]\n\n [[0.159 0.134 0.337 0.333 0.037]\n  [0.174 0.107 0.297 0.312 0.11 ]\n  [0.159 0.121 0.396 0.209 0.115]]]\n\n\u001b[1m50th place:\u001b[0m\nID: gen_8_010\nScore: 17782.955\nGenes:\n[[[0.161 0.127 0.328 0.075 0.31 ]\n  [0.068 0.201 0.473 0.084 0.174]\n  [0.328 0.144 0.144 0.304 0.081]]\n\n [[0.026 0.131 0.533 0.235 0.074]\n  [0.171 0.155 0.329 0.251 0.094]\n  [0.149 0.143 0.164 0.186 0.357]]\n\n [[0.196 0.289 0.1   0.341 0.073]\n  [0.072 0.215 0.371 0.084 0.257]\n  [0.252 0.254 0.272 0.202 0.02 ]]]\n\n\u001b[1m51st place:\u001b[0m\nID: gen_35_015\nScore: 17787.139\nGenes:\n[[[0.149 0.128 0.345 0.074 0.303]\n  [0.049 0.197 0.492 0.099 0.164]\n  [0.325 0.138 0.123 0.315 0.099]]\n\n [[0.011 0.125 0.579 0.202 0.083]\n  [0.219 0.101 0.343 0.243 0.094]\n  [0.167 0.187 0.21  0.232 0.204]]\n\n [[0.182 0.264 0.078 0.308 0.169]\n  [0.066 0.191 0.339 0.195 0.21 ]\n  [0.24  0.235 0.258 0.204 0.064]]]\n\n\u001b[1m52nd place:\u001b[0m\nID: gen_0_043\nScore: 17798.6\nGenes:\n[[[0.251 0.083 0.186 0.207 0.272]\n  [0.406 0.023 0.075 0.474 0.023]\n  [0.226 0.403 0.091 0.21  0.07 ]]\n\n [[0.311 0.157 0.131 0.144 0.256]\n  [0.43  0.078 0.067 0.358 0.067]\n  [0.188 0.398 0.194 0.183 0.038]]\n\n [[0.265 0.057 0.191 0.157 0.33 ]\n  [0.252 0.165 0.381 0.119 0.083]\n  [0.14  0.018 0.219 0.07  0.553]]]\n\n\u001b[1m53rd place:\u001b[0m\nID: gen_0_015\nScore: 17823.867\nGenes:\n[[[0.187 0.165 0.049 0.137 0.462]\n  [0.031 0.253 0.345 0.323 0.048]\n  [0.091 0.271 0.274 0.157 0.206]]\n\n [[0.052 0.175 0.045 0.5   0.227]\n  [0.045 0.219 0.299 0.205 0.232]\n  [0.25  0.212 0.083 0.298 0.157]]\n\n [[0.303 0.309 0.117 0.042 0.228]\n  [0.24  0.237 0.298 0.188 0.036]\n  [0.275 0.275 0.181 0.054 0.216]]]\n\n\u001b[1m54th place:\u001b[0m\nID: gen_0_029\nScore: 17833.667\nGenes:\n[[[0.075 0.425 0.313 0.117 0.07 ]\n  [0.323 0.243 0.271 0.094 0.069]\n  [0.268 0.205 0.196 0.259 0.071]]\n\n [[0.106 0.255 0.137 0.366 0.137]\n  [0.318 0.236 0.4   0.005 0.041]\n  [0.346 0.324 0.283 0.044 0.004]]\n\n [[0.138 0.257 0.046 0.362 0.197]\n  [0.415 0.031 0.005 0.223 0.326]\n  [0.143 0.309 0.07  0.243 0.235]]]\n\n\u001b[1m55th place:\u001b[0m\nID: gen_0_044\nScore: 17856.8\nGenes:\n[[[0.03  0.27  0.346 0.27  0.084]\n  [0.252 0.171 0.23  0.086 0.261]\n  [0.344 0.093 0.252 0.011 0.3  ]]\n\n [[0.261 0.159 0.186 0.205 0.189]\n  [0.286 0.326 0.062 0.057 0.269]\n  [0.263 0.063 0.254 0.239 0.18 ]]\n\n [[0.14  0.251 0.218 0.206 0.185]\n  [0.274 0.108 0.299 0.169 0.15 ]\n  [0.269 0.009 0.233 0.386 0.103]]]\n\n\u001b[1m56th place:\u001b[0m\nID: gen_0_050\nScore: 17860.267\nGenes:\n[[[0.313 0.084 0.189 0.156 0.258]\n  [0.316 0.323 0.251 0.008 0.103]\n  [0.078 0.14  0.574 0.062 0.147]]\n\n [[0.077 0.142 0.32  0.154 0.308]\n  [0.121 0.084 0.063 0.4   0.332]\n  [0.238 0.278 0.026 0.162 0.295]]\n\n [[0.276 0.171 0.296 0.191 0.066]\n  [0.262 0.246 0.118 0.275 0.098]\n  [0.266 0.34  0.104 0.263 0.027]]]\n\n\u001b[1m57th place:\u001b[0m\nID: gen_0_038\nScore: 17877.2\nGenes:\n[[[0.135 0.072 0.247 0.378 0.167]\n  [0.37  0.366 0.025 0.    0.239]\n  [0.336 0.27  0.183 0.128 0.083]]\n\n [[0.293 0.08  0.096 0.074 0.457]\n  [0.176 0.243 0.09  0.18  0.31 ]\n  [0.036 0.304 0.117 0.256 0.288]]\n\n [[0.313 0.188 0.262 0.125 0.112]\n  [0.112 0.221 0.269 0.088 0.309]\n  [0.196 0.146 0.332 0.312 0.015]]]\n\n\u001b[1m58th place:\u001b[0m\nID: gen_0_039\nScore: 17908.933\nGenes:\n[[[0.124 0.146 0.119 0.252 0.358]\n  [0.385 0.071 0.23  0.177 0.137]\n  [0.126 0.011 0.311 0.089 0.463]]\n\n [[0.122 0.117 0.46  0.094 0.207]\n  [0.282 0.036 0.321 0.007 0.354]\n  [0.209 0.187 0.011 0.257 0.337]]\n\n [[0.35  0.248 0.146 0.004 0.252]\n  [0.332 0.286 0.082 0.059 0.241]\n  [0.341 0.199 0.191 0.191 0.079]]]\n\n\u001b[1m59th place:\u001b[0m\nID: gen_0_006\nScore: 17922.4\nGenes:\n[[[0.253 0.096 0.24  0.148 0.262]\n  [0.11  0.566 0.15  0.052 0.121]\n  [0.396 0.013 0.37  0.163 0.057]]\n\n [[0.039 0.212 0.36  0.03  0.36 ]\n  [0.438 0.121 0.116 0.29  0.036]\n  [0.249 0.332 0.203 0.178 0.037]]\n\n [[0.089 0.299 0.063 0.262 0.288]\n  [0.371 0.252 0.015 0.178 0.183]\n  [0.268 0.303 0.063 0.049 0.317]]]\n\n\u001b[1m60th place:\u001b[0m\nID: gen_0_021\nScore: 17935.698\nGenes:\n[[[0.153 0.137 0.372 0.055 0.284]\n  [0.043 0.201 0.511 0.016 0.228]\n  [0.309 0.13  0.167 0.185 0.21 ]]\n\n [[0.006 0.114 0.554 0.189 0.137]\n  [0.199 0.186 0.311 0.029 0.276]\n  [0.154 0.179 0.192 0.217 0.258]]\n\n [[0.093 0.335 0.093 0.23  0.248]\n  [0.063 0.181 0.324 0.16  0.272]\n  [0.276 0.268 0.164 0.192 0.1  ]]]\n\n\u001b[1m61st place:\u001b[0m\nID: gen_0_034\nScore: 17959.667\nGenes:\n[[[0.151 0.063 0.071 0.69  0.024]\n  [0.199 0.199 0.005 0.256 0.341]\n  [0.303 0.303 0.177 0.217 0.   ]]\n\n [[0.185 0.082 0.248 0.229 0.256]\n  [0.266 0.16  0.123 0.218 0.232]\n  [0.317 0.117 0.483 0.083 0.   ]]\n\n [[0.034 0.156 0.366 0.161 0.283]\n  [0.172 0.291 0.184 0.039 0.314]\n  [0.178 0.166 0.17  0.365 0.12 ]]]\n\n\u001b[1m62nd place:\u001b[0m\nID: gen_0_049\nScore: 17979.733\nGenes:\n[[[0.114 0.186 0.271 0.071 0.357]\n  [0.254 0.078 0.022 0.233 0.414]\n  [0.348 0.037 0.043 0.571 0.   ]]\n\n [[0.051 0.367 0.286 0.097 0.199]\n  [0.378 0.197 0.266 0.069 0.09 ]\n  [0.134 0.195 0.158 0.202 0.312]]\n\n [[0.291 0.092 0.089 0.233 0.294]\n  [0.436 0.27  0.147 0.069 0.078]\n  [0.04  0.311 0.318 0.06  0.271]]]\n\n\u001b[1m63rd place:\u001b[0m\nID: gen_0_002\nScore: 17996.067\nGenes:\n[[[0.202 0.367 0.119 0.243 0.069]\n  [0.258 0.069 0.272 0.249 0.152]\n  [0.098 0.045 0.17  0.045 0.643]]\n\n [[0.219 0.124 0.275 0.118 0.264]\n  [0.171 0.224 0.179 0.049 0.378]\n  [0.139 0.43  0.139 0.174 0.117]]\n\n [[0.298 0.1   0.276 0.028 0.298]\n  [0.227 0.04  0.167 0.106 0.46 ]\n  [0.281 0.246 0.222 0.164 0.088]]]\n\n\u001b[1m64th place:\u001b[0m\nID: gen_0_035\nScore: 18013.067\nGenes:\n[[[0.14  0.377 0.07  0.325 0.088]\n  [0.156 0.013 0.156 0.355 0.32 ]\n  [0.034 0.338 0.278 0.004 0.346]]\n\n [[0.262 0.366 0.031 0.021 0.319]\n  [0.314 0.051 0.071 0.269 0.295]\n  [0.188 0.248 0.214 0.265 0.085]]\n\n [[0.096 0.156 0.29  0.257 0.201]\n  [0.302 0.275 0.134 0.228 0.06 ]\n  [0.318 0.074 0.306 0.236 0.066]]]\n\n\u001b[1m65th place:\u001b[0m\nID: gen_0_025\nScore: 18015.2\nGenes:\n[[[0.232 0.237 0.145 0.196 0.191]\n  [0.05  0.138 0.591 0.132 0.088]\n  [0.225 0.377 0.004 0.127 0.266]]\n\n [[0.235 0.042 0.248 0.222 0.252]\n  [0.03  0.126 0.182 0.305 0.357]\n  [0.244 0.383 0.174 0.05  0.149]]\n\n [[0.061 0.514 0.034 0.291 0.101]\n  [0.035 0.228 0.39  0.201 0.146]\n  [0.236 0.156 0.189 0.26  0.159]]]\n\n\u001b[1m66th place:\u001b[0m\nID: gen_0_027\nScore: 18045.0\nGenes:\n[[[0.033 0.067 0.117 0.183 0.6  ]\n  [0.293 0.091 0.064 0.271 0.28 ]\n  [0.174 0.373 0.    0.106 0.347]]\n\n [[0.034 0.35  0.177 0.039 0.399]\n  [0.129 0.258 0.306 0.14  0.166]\n  [0.225 0.292 0.067 0.191 0.225]]\n\n [[0.415 0.104 0.067 0.163 0.252]\n  [0.09  0.31  0.349 0.055 0.196]\n  [0.214 0.412 0.286 0.013 0.076]]]\n\n\u001b[1m67th place:\u001b[0m\nID: gen_0_042\nScore: 18059.667\nGenes:\n[[[0.059 0.237 0.333 0.296 0.074]\n  [0.089 0.225 0.332 0.071 0.282]\n  [0.226 0.169 0.086 0.269 0.249]]\n\n [[0.242 0.032 0.065 0.524 0.137]\n  [0.385 0.197 0.028 0.046 0.344]\n  [0.32  0.32  0.101 0.246 0.013]]\n\n [[0.373 0.146 0.259 0.124 0.097]\n  [0.254 0.095 0.239 0.091 0.322]\n  [0.214 0.252 0.216 0.173 0.145]]]\n\n\u001b[1m68th place:\u001b[0m\nID: gen_0_023\nScore: 18072.267\nGenes:\n[[[0.227 0.251 0.272 0.003 0.248]\n  [0.105 0.264 0.128 0.326 0.178]\n  [0.316 0.392 0.044 0.204 0.044]]\n\n [[0.153 0.541 0.171 0.006 0.129]\n  [0.335 0.    0.011 0.297 0.357]\n  [0.115 0.352 0.184 0.295 0.054]]\n\n [[0.023 0.249 0.366 0.296 0.066]\n  [0.314 0.006 0.128 0.218 0.333]\n  [0.224 0.083 0.29  0.175 0.228]]]\n\n\u001b[1m69th place:\u001b[0m\nID: gen_0_040\nScore: 18102.267\nGenes:\n[[[0.085 0.299 0.215 0.028 0.373]\n  [0.193 0.249 0.254 0.118 0.185]\n  [0.228 0.148 0.088 0.364 0.172]]\n\n [[0.227 0.293 0.076 0.281 0.123]\n  [0.195 0.179 0.086 0.385 0.156]\n  [0.388 0.039 0.371 0.065 0.138]]\n\n [[0.123 0.241 0.206 0.105 0.325]\n  [0.295 0.23  0.184 0.051 0.24 ]\n  [0.223 0.245 0.129 0.204 0.198]]]\n\n\u001b[1m70th place:\u001b[0m\nID: gen_0_016\nScore: 18113.8\nGenes:\n[[[0.201 0.038 0.388 0.077 0.297]\n  [0.326 0.086 0.067 0.311 0.21 ]\n  [0.191 0.093 0.222 0.026 0.469]]\n\n [[0.245 0.094 0.176 0.176 0.31 ]\n  [0.169 0.347 0.178 0.025 0.28 ]\n  [0.164 0.273 0.008 0.172 0.383]]\n\n [[0.416 0.066 0.124 0.08  0.314]\n  [0.124 0.419 0.309 0.129 0.018]\n  [0.15  0.242 0.212 0.314 0.082]]]\n\n\u001b[1m71st place:\u001b[0m\nID: gen_1_007\nScore: 18117.227\nGenes:\n[[[0.085 0.265 0.291 0.243 0.116]\n  [0.209 0.203 0.398 0.013 0.178]\n  [0.309 0.13  0.167 0.185 0.21 ]]\n\n [[0.167 0.167 0.353 0.247 0.067]\n  [0.026 0.285 0.348 0.032 0.308]\n  [0.154 0.179 0.192 0.217 0.258]]\n\n [[0.195 0.036 0.441 0.155 0.173]\n  [0.225 0.143 0.271 0.134 0.227]\n  [0.323 0.142 0.192 0.225 0.117]]]\n\n\u001b[1m72nd place:\u001b[0m\nID: gen_0_033\nScore: 18140.0\nGenes:\n[[[0.256 0.249 0.059 0.077 0.359]\n  [0.326 0.096 0.199 0.234 0.146]\n  [0.11  0.404 0.11  0.317 0.06 ]]\n\n [[0.214 0.209 0.289 0.214 0.075]\n  [0.082 0.209 0.303 0.299 0.107]\n  [0.097 0.138 0.201 0.208 0.357]]\n\n [[0.038 0.12  0.37  0.404 0.067]\n  [0.265 0.199 0.272 0.038 0.226]\n  [0.296 0.152 0.296 0.242 0.013]]]\n\n\u001b[1m73rd place:\u001b[0m\nID: gen_0_014\nScore: 18152.067\nGenes:\n[[[0.15  0.209 0.178 0.232 0.232]\n  [0.141 0.192 0.273 0.374 0.02 ]\n  [0.323 0.017 0.31  0.29  0.061]]\n\n [[0.234 0.194 0.247 0.234 0.092]\n  [0.468 0.136 0.136 0.221 0.039]\n  [0.235 0.222 0.257 0.17  0.116]]\n\n [[0.36  0.212 0.14  0.28  0.008]\n  [0.067 0.229 0.011 0.531 0.162]\n  [0.324 0.403 0.042 0.042 0.189]]]\n\n\u001b[1m74th place:\u001b[0m\nID: gen_0_030\nScore: 18241.6\nGenes:\n[[[0.012 0.265 0.257 0.209 0.257]\n  [0.335 0.142 0.175 0.291 0.058]\n  [0.136 0.189 0.269 0.101 0.304]]\n\n [[0.206 0.256 0.166 0.086 0.286]\n  [0.027 0.093 0.244 0.337 0.298]\n  [0.087 0.253 0.064 0.366 0.23 ]]\n\n [[0.067 0.346 0.115 0.462 0.01 ]\n  [0.055 0.483 0.055 0.388 0.02 ]\n  [0.31  0.041 0.204 0.327 0.118]]]\n\n\u001b[1m75th place:\u001b[0m\nID: gen_0_028\nScore: 18245.0\nGenes:\n[[[0.312 0.119 0.319 0.22  0.031]\n  [0.099 0.276 0.146 0.208 0.271]\n  [0.284 0.149 0.287 0.035 0.245]]\n\n [[0.24  0.072 0.228 0.238 0.222]\n  [0.108 0.185 0.025 0.414 0.268]\n  [0.236 0.148 0.088 0.266 0.261]]\n\n [[0.265 0.269 0.012 0.225 0.229]\n  [0.384 0.068 0.011 0.232 0.305]\n  [0.291 0.135 0.179 0.197 0.197]]]\n\n\u001b[1m76th place:\u001b[0m\nID: gen_0_020\nScore: 18265.467\nGenes:\n[[[0.186 0.116 0.261 0.258 0.18 ]\n  [0.026 0.044 0.336 0.323 0.271]\n  [0.268 0.013 0.221 0.303 0.196]]\n\n [[0.039 0.156 0.351 0.034 0.42 ]\n  [0.241 0.07  0.308 0.115 0.266]\n  [0.079 0.488 0.238 0.024 0.171]]\n\n [[0.151 0.153 0.226 0.231 0.239]\n  [0.167 0.282 0.017 0.132 0.402]\n  [0.091 0.189 0.2   0.263 0.257]]]\n\n\u001b[1m77th place:\u001b[0m\nID: gen_0_008\nScore: 18281.4\nGenes:\n[[[0.256 0.308 0.023 0.315 0.097]\n  [0.056 0.433 0.135 0.074 0.302]\n  [0.35  0.379 0.095 0.156 0.021]]\n\n [[0.056 0.278 0.282 0.176 0.208]\n  [0.237 0.092 0.169 0.275 0.227]\n  [0.123 0.162 0.211 0.206 0.299]]\n\n [[0.224 0.166 0.222 0.12  0.268]\n  [0.042 0.293 0.122 0.293 0.251]\n  [0.336 0.307 0.157 0.036 0.164]]]\n\n\u001b[1m78th place:\u001b[0m\nID: gen_0_011\nScore: 18281.467\nGenes:\n[[[0.195 0.085 0.025 0.364 0.331]\n  [0.006 0.404 0.107 0.416 0.067]\n  [0.266 0.158 0.121 0.323 0.131]]\n\n [[0.399 0.258 0.117 0.038 0.188]\n  [0.113 0.385 0.062 0.323 0.117]\n  [0.209 0.284 0.203 0.164 0.14 ]]\n\n [[0.019 0.249 0.288 0.323 0.121]\n  [0.185 0.118 0.269 0.066 0.362]\n  [0.217 0.374 0.013 0.213 0.183]]]\n\n\u001b[1m79th place:\u001b[0m\nID: gen_0_046\nScore: 18293.2\nGenes:\n[[[0.01  0.329 0.272 0.121 0.268]\n  [0.186 0.264 0.195 0.118 0.236]\n  [0.173 0.15  0.128 0.332 0.217]]\n\n [[0.359 0.215 0.032 0.139 0.255]\n  [0.222 0.233 0.162 0.023 0.361]\n  [0.39  0.463 0.041 0.033 0.073]]\n\n [[0.162 0.386 0.168 0.193 0.091]\n  [0.267 0.321 0.034 0.294 0.084]\n  [0.096 0.155 0.257 0.254 0.237]]]\n\n\u001b[1m80th place:\u001b[0m\nID: gen_0_004\nScore: 18335.6\nGenes:\n[[[0.242 0.191 0.045 0.013 0.51 ]\n  [0.279 0.267 0.164 0.027 0.263]\n  [0.02  0.407 0.111 0.176 0.286]]\n\n [[0.006 0.394 0.024 0.291 0.285]\n  [0.006 0.251 0.257 0.204 0.281]\n  [0.185 0.222 0.036 0.2   0.356]]\n\n [[0.291 0.172 0.075 0.022 0.44 ]\n  [0.213 0.326 0.022 0.039 0.399]\n  [0.174 0.458 0.019 0.058 0.29 ]]]\n\n\u001b[1m81st place:\u001b[0m\nID: gen_0_018\nScore: 18389.133\nGenes:\n[[[0.244 0.229 0.338 0.162 0.026]\n  [0.084 0.252 0.308 0.357 0.   ]\n  [0.004 0.153 0.12  0.339 0.384]]\n\n [[0.056 0.12  0.232 0.277 0.315]\n  [0.239 0.109 0.368 0.035 0.249]\n  [0.026 0.073 0.43  0.066 0.404]]\n\n [[0.146 0.18  0.237 0.198 0.24 ]\n  [0.297 0.029 0.058 0.198 0.419]\n  [0.448 0.041 0.076 0.09  0.345]]]\n\n\u001b[1m82nd place:\u001b[0m\nID: gen_0_024\nScore: 18393.091\nGenes:\n[[[0.085 0.265 0.291 0.243 0.116]\n  [0.121 0.261 0.196 0.2   0.221]\n  [0.231 0.323 0.031 0.118 0.297]]\n\n [[0.167 0.167 0.353 0.247 0.067]\n  [0.023 0.255 0.285 0.128 0.309]\n  [0.157 0.145 0.047 0.282 0.369]]\n\n [[0.195 0.036 0.441 0.155 0.173]\n  [0.269 0.17  0.186 0.295 0.08 ]\n  [0.177 0.253 0.092 0.177 0.301]]]\n\n\u001b[1m83rd place:\u001b[0m\nID: gen_0_041\nScore: 18430.667\nGenes:\n[[[0.425 0.138 0.    0.178 0.259]\n  [0.3   0.084 0.007 0.314 0.296]\n  [0.031 0.209 0.399 0.362 0.   ]]\n\n [[0.251 0.196 0.21  0.191 0.152]\n  [0.225 0.136 0.22  0.283 0.136]\n  [0.209 0.369 0.369 0.019 0.034]]\n\n [[0.259 0.319 0.126 0.281 0.015]\n  [0.054 0.38  0.205 0.035 0.326]\n  [0.312 0.241 0.083 0.327 0.038]]]\n\n\u001b[1m84th place:\u001b[0m\nID: gen_0_003\nScore: 18446.267\nGenes:\n[[[0.11  0.226 0.258 0.261 0.145]\n  [0.261 0.14  0.189 0.186 0.225]\n  [0.109 0.431 0.199 0.128 0.133]]\n\n [[0.274 0.065 0.314 0.253 0.094]\n  [0.059 0.177 0.292 0.267 0.205]\n  [0.    0.387 0.121 0.307 0.186]]\n\n [[0.051 0.275 0.163 0.288 0.224]\n  [0.082 0.124 0.247 0.135 0.412]\n  [0.376 0.022 0.016 0.07  0.516]]]\n\n\u001b[1m85th place:\u001b[0m\nID: gen_0_026\nScore: 18542.133\nGenes:\n[[[0.253 0.253 0.099 0.136 0.26 ]\n  [0.228 0.36  0.12  0.036 0.256]\n  [0.066 0.301 0.393 0.087 0.153]]\n\n [[0.259 0.356 0.125 0.181 0.079]\n  [0.046 0.34  0.244 0.244 0.126]\n  [0.257 0.24  0.057 0.118 0.328]]\n\n [[0.302 0.262 0.128 0.007 0.302]\n  [0.006 0.108 0.465 0.293 0.127]\n  [0.099 0.223 0.093 0.286 0.298]]]\n\n\u001b[1m86th place:\u001b[0m\nID: gen_0_001\nScore: 18627.8\nGenes:\n[[[0.145 0.416 0.145 0.131 0.164]\n  [0.044 0.056 0.044 0.189 0.667]\n  [0.219 0.051 0.349 0.302 0.079]]\n\n [[0.222 0.339 0.152 0.105 0.183]\n  [0.13  0.159 0.152 0.298 0.26 ]\n  [0.012 0.335 0.169 0.25  0.234]]\n\n [[0.247 0.192 0.282 0.119 0.16 ]\n  [0.325 0.211 0.057 0.143 0.264]\n  [0.307 0.095 0.137 0.112 0.349]]]\n\n\u001b[1m87th place:\u001b[0m\nID: gen_0_036\nScore: 19131.0\nGenes:\n[[[0.33  0.078 0.267 0.214 0.112]\n  [0.162 0.216 0.192 0.232 0.198]\n  [0.088 0.17  0.591 0.138 0.013]]\n\n [[0.254 0.207 0.112 0.257 0.17 ]\n  [0.085 0.574 0.021 0.184 0.135]\n  [0.266 0.124 0.166 0.232 0.212]]\n\n [[0.023 0.03  0.075 0.459 0.414]\n  [0.249 0.046 0.086 0.315 0.305]\n  [0.288 0.018 0.14  0.153 0.401]]]\n\n\u001b[1m88th place:\u001b[0m\nID: gen_0_031\nScore: 19178.867\nGenes:\n[[[0.29  0.132 0.048 0.272 0.257]\n  [0.374 0.247 0.055 0.269 0.055]\n  [0.015 0.114 0.3   0.26  0.311]]\n\n [[0.3   0.345 0.081 0.022 0.251]\n  [0.08  0.04  0.4   0.143 0.337]\n  [0.203 0.251 0.185 0.303 0.059]]\n\n [[0.262 0.227 0.184 0.07  0.258]\n  [0.11  0.291 0.139 0.162 0.298]\n  [0.08  0.17  0.025 0.33  0.395]]]\n\n\u001b[1m89th place:\u001b[0m\nID: gen_0_010\nScore: 19231.867\nGenes:\n[[[0.184 0.162 0.212 0.156 0.285]\n  [0.235 0.153 0.293 0.112 0.207]\n  [0.371 0.135 0.184 0.02  0.29 ]]\n\n [[0.389 0.179 0.249 0.074 0.109]\n  [0.124 0.29  0.103 0.208 0.275]\n  [0.36  0.415 0.178 0.021 0.025]]\n\n [[0.238 0.448 0.021 0.126 0.168]\n  [0.262 0.169 0.055 0.253 0.262]\n  [0.186 0.229 0.014 0.043 0.529]]]\n\n"
     ]
    }
   ],
   "source": [
    "ordinal = lambda n: \"%d%s\" % (n,\"tsnrhtdd\"[(n//10%10!=1)*(n%10<4)*n%10::4])\n",
    "print(\"Strategy_count:\")\n",
    "print(f\"{utils.tcolors.BOLD}{'#':<3} {'U':<5}{'D':<5}{'N':<5}{utils.tcolors.ENDC}\")\n",
    "for trend_count in range(6):\n",
    "    strategy_count = individuals[0].strategy_count\n",
    "    print(f\"{trend_count+1:<2}| {strategy_count['U'][trend_count]:<5}{strategy_count['D'][trend_count]:<5}{strategy_count['N'][trend_count]:<5}\")\n",
    "print()\n",
    "for ix, i in enumerate(sorted(individuals, key=lambda x: x.mean_score)):\n",
    "    print(f\"{utils.tcolors.BOLD}{ordinal(ix+1)} place:{utils.tcolors.ENDC}\")\n",
    "    print(f\"ID: {i.ID}\")\n",
    "    print(f\"Score: {np.round(i.mean_score, 3)}\")\n",
