{
 "metadata": {
  "language_info": {
   "codemirror_mode": {
    "name": "ipython",
    "version": 3
   },
   "file_extension": ".py",
   "mimetype": "text/x-python",
   "name": "python",
   "nbconvert_exporter": "python",
   "pygments_lexer": "ipython3",
   "version": "3.8.0"
  },
  "orig_nbformat": 2,
  "kernelspec": {
   "name": "python380jvsc74a57bd0d1135e85b24d6fc36dc6a0cb37a446f4ea6c1d1c5d9ce7e53624fd1bcca00fa0",
   "display_name": "Python 3.8.0 64-bit ('epidemics': conda)"
  }
 },
 "nbformat": 4,
 "nbformat_minor": 2,
 "cells": [
  {
   "cell_type": "code",
   "execution_count": 1,
   "metadata": {},
   "outputs": [],
   "source": [
    "import os\n",
    "import utils\n",
    "import numpy as np\n",
    "import pandas as pd"
   ]
  },
  {
   "cell_type": "code",
   "execution_count": 2,
   "metadata": {},
   "outputs": [],
   "source": [
    "def read_all_results(dir_path):\n",
    "    paths = os.listdir(dir_path)\n",
    "    last_gens = []\n",
    "    for i in range(len(paths)):\n",
    "        path = dir_path + paths[i]\n",
    "        last_gen = sorted(map(lambda x: x.split(\"_\"), \n",
    "                        os.listdir(f\"{path}/individuals/\")), \n",
    "                        key=lambda x: int(x[1].split(\".\")[0]))[-1][-1][:-4]\n",
    "        print(f\"Path: {paths[i]}, last generation: {int(last_gen)}\")\n",
    "        last_gens.append(int(last_gen))\n",
    "    return paths, last_gens"
   ]
  },
  {
   "cell_type": "code",
   "execution_count": 3,
   "metadata": {},
   "outputs": [
    {
     "output_type": "stream",
     "name": "stdout",
     "text": [
      "Path: GA_2021_05_28_00_19_30, last generation: 39\nPath: GA_2021_05_28_00_19_55, last generation: 34\nPath: GA_2021_05_28_11_00_41, last generation: 31\nPath: GA_2021_05_28_00_20_08, last generation: 33\nPath: GA_2021_05_28_11_00_56, last generation: 33\nPath: GA_2021_05_28_13_16_12, last generation: 32\n"
     ]
    }
   ],
   "source": [
    "dir_path = \"results/\"\n",
    "paths, last_gens = read_all_results(dir_path)"
   ]
  },
  {
   "cell_type": "code",
   "execution_count": 15,
   "metadata": {},
   "outputs": [],
   "source": [
    "run = 3\n",
    "gen = 33\n",
    "path = dir_path + paths[run]\n",
    "\n",
    "individuals_path =  f\"{path}/individuals/individuals_{gen}.pkl\"\n",
    "score_path       =  f\"{path}/final_scores/final_score_{gen}.pkl\"\n",
    "overview_path    =  f\"{path}/generation_overview.csv\"\n",
    "\n",
    "final_score = utils.read_pickle(score_path)\n",
    "individuals = utils.read_pickle(individuals_path)\n",
    "overview = pd.read_csv(overview_path)"
   ]
  },
  {
   "cell_type": "code",
   "execution_count": 16,
   "metadata": {},
   "outputs": [
    {
     "output_type": "stream",
     "name": "stdout",
     "text": [
      "{\n    \"objective\": \"yll\",\n    \"simulations\": 15,\n    \"process\": {\n        \"horizon\": 74,\n        \"decision_period\": 28,\n        \"policy\": \"weighted\"\n    },\n    \"population_size\": 30,\n    \"random_individuals\": true,\n    \"min_generations\": 30\n}\n"
     ]
    }
   ],
   "source": [
    "with open(dir_path + paths[run] + \"/run_params.json\", \"r\") as file:\n",
    "    print(file.read())\n",
    "    file.close()"
   ]
  },
  {
   "cell_type": "code",
   "execution_count": 17,
   "metadata": {
    "tags": []
   },
   "outputs": [
    {
     "output_type": "stream",
     "name": "stdout",
     "text": [
      "\u001b[1m1st place:\u001b[0m\nID: gen_32_004\nScore: 18053.0\nGenes:\n[[[0.134 0.273 0.176 0.251 0.166]\n  [0.116 0.231 0.226 0.123 0.304]\n  [0.184 0.244 0.291 0.044 0.236]]\n\n [[0.107 0.041 0.395 0.335 0.123]\n  [0.077 0.237 0.386 0.271 0.028]\n  [0.29  0.215 0.08  0.277 0.137]]\n\n [[0.161 0.166 0.295 0.299 0.079]\n  [0.122 0.204 0.464 0.157 0.053]\n  [0.066 0.137 0.475 0.268 0.053]]]\n\n\u001b[1m2nd place:\u001b[0m\nID: gen_33_001\nScore: 18054.667\nGenes:\n[[[0.173 0.086 0.297 0.268 0.177]\n  [0.163 0.221 0.213 0.118 0.287]\n  [0.165 0.241 0.289 0.044 0.261]]\n\n [[0.106 0.04  0.39  0.331 0.133]\n  [0.186 0.209 0.34  0.239 0.025]\n  [0.377 0.132 0.075 0.239 0.176]]\n\n [[0.161 0.165 0.297 0.298 0.08 ]\n  [0.122 0.203 0.462 0.159 0.053]\n  [0.083 0.144 0.475 0.245 0.053]]]\n\n\u001b[1m3rd place:\u001b[0m\nID: gen_21_006\nScore: 18060.267\nGenes:\n[[[0.156 0.266 0.171 0.245 0.162]\n  [0.1   0.236 0.231 0.126 0.307]\n  [0.188 0.244 0.292 0.044 0.232]]\n\n [[0.107 0.041 0.395 0.335 0.123]\n  [0.077 0.237 0.386 0.271 0.028]\n  [0.291 0.238 0.058 0.275 0.138]]\n\n [[0.161 0.165 0.297 0.298 0.08 ]\n  [0.122 0.204 0.464 0.157 0.053]\n  [0.063 0.136 0.475 0.272 0.053]]]\n\n\u001b[1m4th place:\u001b[0m\nID: gen_30_015\nScore: 18060.867\nGenes:\n[[[0.156 0.266 0.171 0.245 0.162]\n  [0.146 0.224 0.217 0.119 0.293]\n  [0.178 0.243 0.29  0.044 0.245]]\n\n [[0.106 0.04  0.393 0.333 0.127]\n  [0.078 0.237 0.386 0.271 0.028]\n  [0.309 0.185 0.062 0.299 0.145]]\n\n [[0.161 0.166 0.295 0.298 0.08 ]\n  [0.122 0.204 0.463 0.158 0.053]\n  [0.072 0.14  0.475 0.26  0.053]]]\n\n\u001b[1m5th place:\u001b[0m\nID: gen_26_004\nScore: 18062.6\nGenes:\n[[[0.165 0.223 0.181 0.259 0.171]\n  [0.114 0.233 0.227 0.124 0.302]\n  [0.169 0.306 0.267 0.041 0.216]]\n\n [[0.117 0.045 0.433 0.268 0.138]\n  [0.114 0.228 0.37  0.261 0.027]\n  [0.296 0.223 0.059 0.282 0.14 ]]\n\n [[0.161 0.165 0.297 0.298 0.08 ]\n  [0.122 0.204 0.464 0.157 0.053]\n  [0.066 0.137 0.475 0.268 0.053]]]\n\n\u001b[1m6th place:\u001b[0m\nID: gen_29_001\nScore: 18063.667\nGenes:\n[[[0.156 0.266 0.171 0.245 0.162]\n  [0.136 0.246 0.167 0.131 0.32 ]\n  [0.178 0.238 0.285 0.043 0.256]]\n\n [[0.106 0.04  0.393 0.333 0.128]\n  [0.077 0.237 0.386 0.271 0.028]\n  [0.268 0.185 0.054 0.294 0.199]]\n\n [[0.161 0.165 0.297 0.298 0.08 ]\n  [0.122 0.204 0.463 0.157 0.053]\n  [0.07  0.141 0.485 0.25  0.054]]]\n\n\u001b[1m7th place:\u001b[0m\nID: gen_24_010\nScore: 18064.467\nGenes:\n[[[0.156 0.266 0.171 0.245 0.162]\n  [0.127 0.23  0.223 0.122 0.298]\n  [0.182 0.244 0.291 0.044 0.239]]\n\n [[0.106 0.04  0.393 0.333 0.128]\n  [0.077 0.237 0.386 0.271 0.028]\n  [0.301 0.208 0.06  0.289 0.142]]\n\n [[0.161 0.165 0.297 0.298 0.08 ]\n  [0.122 0.204 0.463 0.157 0.053]\n  [0.068 0.138 0.475 0.265 0.053]]]\n\n\u001b[1m8th place:\u001b[0m\nID: gen_28_004\nScore: 18069.467\nGenes:\n[[[0.134 0.273 0.162 0.262 0.168]\n  [0.115 0.232 0.226 0.123 0.304]\n  [0.127 0.261 0.312 0.047 0.253]]\n\n [[0.099 0.038 0.367 0.311 0.185]\n  [0.126 0.225 0.365 0.257 0.027]\n  [0.284 0.21  0.075 0.304 0.127]]\n\n [[0.159 0.144 0.253 0.375 0.069]\n  [0.123 0.204 0.463 0.157 0.053]\n  [0.072 0.149 0.465 0.262 0.052]]]\n\n\u001b[1m9th place:\u001b[0m\nID: gen_23_003\nScore: 18070.867\nGenes:\n[[[0.192 0.096 0.211 0.302 0.2  ]\n  [0.154 0.223 0.216 0.119 0.289]\n  [0.176 0.243 0.29  0.044 0.246]]\n\n [[0.106 0.04  0.39  0.331 0.133]\n  [0.224 0.2   0.325 0.228 0.024]\n  [0.312 0.177 0.062 0.303 0.146]]\n\n [[0.161 0.165 0.297 0.298 0.08 ]\n  [0.122 0.204 0.463 0.158 0.053]\n  [0.073 0.14  0.475 0.258 0.053]]]\n\n\u001b[1m10th place:\u001b[0m\nID: gen_27_013\nScore: 18074.2\nGenes:\n[[[0.069 0.293 0.189 0.27  0.179]\n  [0.165 0.217 0.21  0.115 0.294]\n  [0.173 0.243 0.29  0.044 0.25 ]]\n\n [[0.107 0.041 0.394 0.334 0.125]\n  [0.078 0.237 0.386 0.271 0.028]\n  [0.29  0.148 0.143 0.283 0.136]]\n\n [[0.163 0.167 0.288 0.302 0.081]\n  [0.122 0.204 0.463 0.158 0.053]\n  [0.076 0.141 0.475 0.255 0.053]]]\n\n\u001b[1m11th place:\u001b[0m\nID: gen_31_001\nScore: 18081.8\nGenes:\n[[[0.19  0.094 0.221 0.298 0.197]\n  [0.163 0.221 0.213 0.118 0.287]\n  [0.165 0.241 0.289 0.044 0.261]]\n\n [[0.106 0.04  0.39  0.331 0.133]\n  [0.186 0.209 0.34  0.239 0.025]\n  [0.332 0.116 0.066 0.33  0.155]]\n\n [[0.161 0.165 0.297 0.298 0.08 ]\n  [0.122 0.203 0.462 0.159 0.053]\n  [0.083 0.144 0.475 0.245 0.053]]]\n\n\u001b[1m12th place:\u001b[0m\nID: gen_25_011\nScore: 18081.867\nGenes:\n[[[0.156 0.266 0.171 0.245 0.162]\n  [0.202 0.204 0.196 0.109 0.289]\n  [0.165 0.241 0.289 0.044 0.261]]\n\n [[0.107 0.041 0.395 0.335 0.123]\n  [0.078 0.237 0.386 0.271 0.028]\n  [0.332 0.116 0.066 0.33  0.155]]\n\n [[0.165 0.169 0.278 0.305 0.082]\n  [0.122 0.203 0.462 0.159 0.053]\n  [0.083 0.144 0.475 0.245 0.053]]]\n\n\u001b[1m13th place:\u001b[0m\nID: gen_22_005\nScore: 18089.133\nGenes:\n[[[0.156 0.266 0.171 0.245 0.162]\n  [0.207 0.209 0.201 0.111 0.271]\n  [0.165 0.241 0.289 0.044 0.261]]\n\n [[0.104 0.04  0.386 0.327 0.143]\n  [0.078 0.237 0.386 0.271 0.028]\n  [0.332 0.116 0.066 0.33  0.155]]\n\n [[0.161 0.165 0.297 0.298 0.08 ]\n  [0.122 0.203 0.462 0.159 0.053]\n  [0.083 0.144 0.475 0.245 0.053]]]\n\n\u001b[1m14th place:\u001b[0m\nID: gen_18_006\nScore: 18090.533\nGenes:\n[[[0.156 0.266 0.153 0.259 0.165]\n  [0.098 0.237 0.231 0.126 0.308]\n  [0.111 0.267 0.319 0.049 0.253]]\n\n [[0.097 0.037 0.358 0.303 0.205]\n  [0.142 0.221 0.358 0.252 0.026]\n  [0.281 0.23  0.053 0.311 0.124]]\n\n [[0.157 0.137 0.241 0.4   0.065]\n  [0.124 0.204 0.463 0.156 0.053]\n  [0.07  0.152 0.462 0.264 0.052]]]\n\n\u001b[1m15th place:\u001b[0m\nID: gen_19_002\nScore: 18096.6\nGenes:\n[[[0.156 0.266 0.189 0.231 0.159]\n  [0.103 0.239 0.211 0.133 0.314]\n  [0.111 0.267 0.319 0.049 0.253]]\n\n [[0.097 0.037 0.358 0.303 0.205]\n  [0.015 0.254 0.413 0.291 0.026]\n  [0.273 0.224 0.055 0.323 0.125]]\n\n [[0.116 0.145 0.264 0.404 0.071]\n  [0.121 0.199 0.453 0.174 0.053]\n  [0.214 0.179 0.487 0.068 0.052]]]\n\n\u001b[1m16th place:\u001b[0m\nID: gen_20_003\nScore: 18117.2\nGenes:\n[[[0.156 0.266 0.171 0.245 0.162]\n  [0.101 0.238 0.221 0.129 0.311]\n  [0.097 0.233 0.278 0.042 0.35 ]]\n\n [[0.097 0.037 0.358 0.303 0.205]\n  [0.079 0.237 0.386 0.271 0.026]\n  [0.277 0.227 0.054 0.317 0.125]]\n\n [[0.161 0.165 0.297 0.298 0.08 ]\n  [0.122 0.202 0.458 0.165 0.053]\n  [0.142 0.165 0.474 0.166 0.052]]]\n\n\u001b[1m17th place:\u001b[0m\nID: gen_12_001\nScore: 18138.133\nGenes:\n[[[0.184 0.314 0.055 0.273 0.174]\n  [0.098 0.237 0.231 0.126 0.308]\n  [0.111 0.267 0.319 0.049 0.253]]\n\n [[0.097 0.037 0.358 0.303 0.205]\n  [0.06  0.242 0.393 0.276 0.029]\n  [0.272 0.223 0.054 0.322 0.129]]\n\n [[0.107 0.133 0.234 0.371 0.156]\n  [0.123 0.204 0.463 0.157 0.053]\n  [0.182 0.119 0.415 0.237 0.047]]]\n\n\u001b[1m18th place:\u001b[0m\nID: gen_10_009\nScore: 18139.933\nGenes:\n[[[0.203 0.345 0.    0.3   0.152]\n  [0.098 0.237 0.231 0.126 0.308]\n  [0.111 0.267 0.319 0.049 0.253]]\n\n [[0.099 0.037 0.354 0.305 0.205]\n  [0.06  0.242 0.393 0.276 0.029]\n  [0.272 0.223 0.054 0.322 0.129]]\n\n [[0.107 0.133 0.234 0.371 0.156]\n  [0.12  0.198 0.45  0.18  0.052]\n  [0.182 0.119 0.415 0.237 0.047]]]\n\n\u001b[1m19th place:\u001b[0m\nID: gen_16_015\nScore: 18141.667\nGenes:\n[[[0.161 0.275 0.196 0.239 0.129]\n  [0.101 0.243 0.207 0.13  0.319]\n  [0.111 0.267 0.319 0.049 0.253]]\n\n [[0.097 0.037 0.358 0.304 0.205]\n  [0.015 0.253 0.412 0.29  0.03 ]\n  [0.272 0.223 0.054 0.322 0.129]]\n\n [[0.107 0.133 0.234 0.371 0.156]\n  [0.121 0.199 0.453 0.174 0.052]\n  [0.213 0.178 0.486 0.068 0.055]]]\n\n\u001b[1m20th place:\u001b[0m\nID: gen_11_005\nScore: 18147.267\nGenes:\n[[[0.191 0.326 0.057 0.283 0.143]\n  [0.103 0.245 0.199 0.132 0.322]\n  [0.111 0.267 0.319 0.049 0.253]]\n\n [[0.097 0.037 0.358 0.304 0.205]\n  [0.    0.257 0.418 0.294 0.031]\n  [0.272 0.223 0.054 0.322 0.129]]\n\n [[0.107 0.133 0.234 0.371 0.156]\n  [0.12  0.198 0.45  0.18  0.052]\n  [0.174 0.157 0.397 0.227 0.045]]]\n\n\u001b[1m21st place:\u001b[0m\nID: gen_17_005\nScore: 18160.667\nGenes:\n[[[0.164 0.28  0.162 0.244 0.15 ]\n  [0.098 0.237 0.231 0.126 0.308]\n  [0.111 0.267 0.319 0.049 0.253]]\n\n [[0.097 0.037 0.358 0.303 0.205]\n  [0.06  0.242 0.393 0.276 0.029]\n  [0.291 0.238 0.058 0.275 0.138]]\n\n [[0.146 0.127 0.224 0.354 0.149]\n  [0.124 0.204 0.463 0.157 0.053]\n  [0.063 0.136 0.475 0.272 0.053]]]\n\n\u001b[1m22nd place:\u001b[0m\nID: gen_7_007\nScore: 18164.2\nGenes:\n[[[0.202 0.346 0.    0.3   0.152]\n  [0.117 0.267 0.1   0.15  0.367]\n  [0.111 0.267 0.319 0.049 0.253]]\n\n [[0.091 0.037 0.369 0.301 0.203]\n  [0.06  0.242 0.393 0.276 0.029]\n  [0.272 0.223 0.054 0.322 0.129]]\n\n [[0.106 0.133 0.234 0.371 0.156]\n  [0.12  0.198 0.45  0.18  0.052]\n  [0.151 0.271 0.343 0.196 0.039]]]\n\n\u001b[1m23rd place:\u001b[0m\nID: gen_15_008\nScore: 18164.4\nGenes:\n[[[0.169 0.283 0.179 0.245 0.124]\n  [0.11  0.256 0.149 0.141 0.345]\n  [0.111 0.267 0.319 0.049 0.253]]\n\n [[0.138 0.035 0.346 0.287 0.194]\n  [0.03  0.249 0.405 0.285 0.03 ]\n  [0.272 0.223 0.054 0.322 0.129]]\n\n [[0.109 0.132 0.233 0.369 0.156]\n  [0.12  0.198 0.45  0.18  0.052]\n  [0.199 0.262 0.453 0.035 0.051]]]\n\n\u001b[1m24th place:\u001b[0m\nID: gen_8_015\nScore: 18171.667\nGenes:\n[[[0.169 0.29  0.222 0.195 0.125]\n  [0.139 0.263 0.12  0.143 0.335]\n  [0.106 0.306 0.282 0.049 0.256]]\n\n [[0.106 0.075 0.344 0.293 0.182]\n  [0.108 0.316 0.455 0.082 0.04 ]\n  [0.161 0.265 0.164 0.293 0.117]]\n\n [[0.107 0.152 0.224 0.362 0.156]\n  [0.12  0.247 0.418 0.153 0.062]\n  [0.128 0.306 0.338 0.191 0.037]]]\n\n\u001b[1m25th place:\u001b[0m\nID: gen_13_006\nScore: 18171.8\nGenes:\n[[[0.188 0.321 0.056 0.279 0.155]\n  [0.098 0.237 0.231 0.126 0.308]\n  [0.111 0.267 0.319 0.049 0.253]]\n\n [[0.097 0.037 0.358 0.303 0.205]\n  [0.06  0.242 0.393 0.276 0.029]\n  [0.347 0.284 0.069 0.136 0.164]]\n\n [[0.265 0.109 0.193 0.305 0.128]\n  [0.124 0.204 0.464 0.157 0.052]\n  [0.182 0.119 0.415 0.237 0.047]]]\n\n\u001b[1m26th place:\u001b[0m\nID: gen_14_005\nScore: 18178.8\nGenes:\n[[[0.185 0.317 0.098 0.261 0.139]\n  [0.118 0.263 0.133 0.142 0.344]\n  [0.11  0.277 0.31  0.049 0.254]]\n\n [[0.099 0.046 0.354 0.301 0.199]\n  [0.027 0.272 0.427 0.241 0.033]\n  [0.232 0.221 0.078 0.299 0.17 ]]\n\n [[0.107 0.137 0.232 0.368 0.156]\n  [0.12  0.21  0.442 0.173 0.054]\n  [0.163 0.194 0.382 0.218 0.043]]]\n\n\u001b[1m27th place:\u001b[0m\nID: gen_6_002\nScore: 18197.2\nGenes:\n[[[0.204 0.345 0.    0.3   0.152]\n  [0.109 0.313 0.094 0.141 0.344]\n  [0.111 0.267 0.319 0.049 0.253]]\n\n [[0.124 0.038 0.31  0.315 0.213]\n  [0.06  0.242 0.393 0.276 0.029]\n  [0.272 0.223 0.054 0.322 0.129]]\n\n [[0.108 0.132 0.234 0.37  0.156]\n  [0.12  0.198 0.45  0.18  0.052]\n  [0.151 0.272 0.343 0.196 0.039]]]\n\n\u001b[1m28th place:\u001b[0m\nID: gen_2_011\nScore: 18197.867\nGenes:\n[[[0.208 0.343 0.    0.298 0.151]\n  [0.117 0.267 0.1   0.15  0.367]\n  [0.111 0.267 0.319 0.049 0.253]]\n\n [[0.179 0.033 0.333 0.271 0.183]\n  [0.06  0.242 0.393 0.276 0.029]\n  [0.272 0.223 0.054 0.322 0.129]]\n\n [[0.112 0.132 0.233 0.368 0.155]\n  [0.12  0.198 0.45  0.18  0.052]\n  [0.151 0.272 0.343 0.196 0.039]]]\n\n\u001b[1m29th place:\u001b[0m\nID: gen_3_002\nScore: 18209.867\nGenes:\n[[[0.201 0.35  0.088 0.213 0.149]\n  [0.146 0.261 0.127 0.14  0.325]\n  [0.105 0.319 0.269 0.049 0.257]]\n\n [[0.082 0.089 0.347 0.301 0.182]\n  [0.095 0.256 0.354 0.262 0.033]\n  [0.124 0.279 0.2   0.283 0.113]]\n\n [[0.105 0.158 0.221 0.36  0.156]\n  [0.12  0.263 0.407 0.145 0.065]\n  [0.12  0.317 0.337 0.189 0.037]]]\n\n\u001b[1m30th place:\u001b[0m\nID: gen_9_005\nScore: 18221.733\nGenes:\n[[[0.177 0.304 0.166 0.221 0.131]\n  [0.133 0.264 0.115 0.145 0.343]\n  [0.108 0.297 0.291 0.049 0.256]]\n\n [[0.102 0.065 0.35  0.295 0.187]\n  [0.112 0.181 0.512 0.152 0.043]\n  [0.189 0.254 0.136 0.3   0.12 ]]\n\n [[0.094 0.129 0.198 0.319 0.26 ]\n  [0.12  0.235 0.426 0.16  0.059]\n  [0.134 0.297 0.34  0.192 0.038]]]\n\n\u001b[1m31st place:\u001b[0m\nID: gen_1_004\nScore: 18246.6\nGenes:\n[[[0.203 0.355 0.089 0.216 0.137]\n  [0.164 0.295 0.144 0.158 0.239]\n  [0.103 0.314 0.265 0.206 0.111]]\n\n [[0.082 0.089 0.349 0.303 0.176]\n  [0.084 0.22  0.313 0.232 0.151]\n  [0.141 0.316 0.227 0.262 0.053]]\n\n [[0.105 0.158 0.226 0.358 0.153]\n  [0.096 0.21  0.324 0.115 0.255]\n  [0.125 0.329 0.35  0.152 0.044]]]\n\n"
     ]
    }
   ],
   "source": [
    "ordinal = lambda n: \"%d%s\" % (n,\"tsnrhtdd\"[(n//10%10!=1)*(n%10<4)*n%10::4])\n",
    "for ix, i in enumerate(sorted(individuals, key=lambda x: x.mean_score)):\n",
    "    print(f\"{utils.tcolors.BOLD}{ordinal(ix+1)} place:{utils.tcolors.ENDC}\")\n",
    "    print(f\"ID: {i.ID}\")\n",
    "    print(f\"Score: {np.round(i.mean_score, 3)}\")\n",
    "    \n",
    "    print(f\"Genes:\\n{np.round(i.genes, 3)}\")\n",
    "    print()"
   ]
  },
  {
   "cell_type": "code",
   "execution_count": 11,
   "metadata": {},
   "outputs": [
    {
     "output_type": "stream",
     "name": "stdout",
     "text": [
      "[[[0.26880201 0.03755094 0.45653791 0.03825475 0.19885439]\n  [0.21199639 0.15297498 0.19071874 0.18628364 0.25802626]\n  [0.28555434 0.12604486 0.18816998 0.26455802 0.1356728 ]]\n\n [[0.0380807  0.         0.80471269 0.00868688 0.14851973]\n  [0.13400663 0.17124373 0.32555228 0.17947985 0.18971751]\n  [0.06984915 0.33485728 0.25936679 0.27160597 0.06432081]]\n\n [[0.24234722 0.11238574 0.27632163 0.0920203  0.27692511]\n  [0.07678193 0.152165   0.25492634 0.11165404 0.40447268]\n  [0.21303369 0.01044264 0.54098041 0.         0.23554325]]]\n\n[0.17116134 0.1219628  0.3663652  0.12806038 0.21245028]\n"
     ]
    }
   ],
   "source": [
    "print(individuals[0].genes, end=\"\\n\"*2)\n",
    "genes = np.sum(individuals[0].genes, axis=(0,1))\n",
    "norm = np.sum(genes)\n",
    "norm_genes = np.divide(genes, norm)\n",
    "print(norm_genes)"
   ]
  },
  {
   "cell_type": "code",
   "execution_count": null,
   "metadata": {},
   "outputs": [],
   "source": []
  }
 ]
}