{
 "metadata": {
  "language_info": {
   "codemirror_mode": {
    "name": "ipython",
    "version": 3
   },
   "file_extension": ".py",
   "mimetype": "text/x-python",
   "name": "python",
   "nbconvert_exporter": "python",
   "pygments_lexer": "ipython3",
   "version": "3.8.0"
  },
  "orig_nbformat": 2,
  "kernelspec": {
   "name": "python3",
   "display_name": "Python 3",
   "language": "python"
  }
 },
 "nbformat": 4,
 "nbformat_minor": 2,
 "cells": [
  {
   "cell_type": "code",
   "execution_count": 2,
   "metadata": {},
   "outputs": [],
   "source": [
    "sys.path.append(\"..\")\n",
    "import utils\n",
    "import numpy as np\n",
    "import pandas as pd"
   ]
  },
  {
   "cell_type": "code",
   "execution_count": 3,
   "metadata": {},
   "outputs": [],
   "source": [
    "path = \"../results/GA_2021_05_10_222237\"\n",
    "gen = 0\n",
    "\n",
    "individuals_path =  f\"{path}/individuals/individuals_{gen}.pkl\"\n",
    "score_path       =  f\"{path}/final_scores/final_score_{gen}.pkl\"\n",
    "overview_path    =  f\"{path}/generation_overview.csv\"\n",
    "\n",
    "final_score = utils.read_pickle(score_path)\n",
    "individuals = utils.read_pickle(individuals_path)\n",
    "overview = pd.read_csv(overview_path)"
   ]
  },
  {
   "cell_type": "code",
   "execution_count": 5,
   "metadata": {},
   "outputs": [
    {
     "output_type": "execute_result",
     "data": {
      "text/plain": [
       "   generation individual   mean_score\n",
       "0           0  gen_0_012  7370.941255\n",
       "1           0  gen_0_020  7376.338298\n",
       "2           0  gen_0_026  7390.790092\n",
       "3           0  gen_0_027  7393.806147\n",
       "4           0  gen_0_022  7399.727197"
      ],
      "text/html": "<div>\n<style scoped>\n    .dataframe tbody tr th:only-of-type {\n        vertical-align: middle;\n    }\n\n    .dataframe tbody tr th {\n        vertical-align: top;\n    }\n\n    .dataframe thead th {\n        text-align: right;\n    }\n</style>\n<table border=\"1\" class=\"dataframe\">\n  <thead>\n    <tr style=\"text-align: right;\">\n      <th></th>\n      <th>generation</th>\n      <th>individual</th>\n      <th>mean_score</th>\n    </tr>\n  </thead>\n  <tbody>\n    <tr>\n      <th>0</th>\n      <td>0</td>\n      <td>gen_0_012</td>\n      <td>7370.941255</td>\n    </tr>\n    <tr>\n      <th>1</th>\n      <td>0</td>\n      <td>gen_0_020</td>\n      <td>7376.338298</td>\n    </tr>\n    <tr>\n      <th>2</th>\n      <td>0</td>\n      <td>gen_0_026</td>\n      <td>7390.790092</td>\n    </tr>\n    <tr>\n      <th>3</th>\n      <td>0</td>\n      <td>gen_0_027</td>\n      <td>7393.806147</td>\n    </tr>\n    <tr>\n      <th>4</th>\n      <td>0</td>\n      <td>gen_0_022</td>\n      <td>7399.727197</td>\n    </tr>\n  </tbody>\n</table>\n</div>"
     },
     "metadata": {},
     "execution_count": 5
    }
   ],
   "source": [
    "overview.sort_values('mean_score').head()"
   ]
  },
  {
   "cell_type": "code",
   "execution_count": 6,
   "metadata": {
    "tags": [
     "outputPrepend"
    ]
   },
   "outputs": [
    {
     "output_type": "stream",
     "name": "stdout",
     "text": [
      "3 ]\n  [0.23255814 0.40465116 0.2        0.1627907 ]\n  [0.35795455 0.26704545 0.22727273 0.14772727]]]\n\nID: gen_0_027\nScore: 7393.806146529221\nStrategy count:\n    U    D    N\n1: 0    0    60   \n2: 0    0    60   \n3: 60   60   60   \n4: 727214772621577\nGenes:\n[[[0.26363636 0.17727273 0.35       0.20909091]\n  [0.1920904  0.10169492 0.36723164 0.33898305]\n  [0.41803279 0.10655738 0.13114754 0.3442623 ]\n  [0.14893617 0.26808511 0.18297872 0.4       ]]\n\n [[0.07655502 0.28229665 0.22009569 0.42105263]\n  [0.23048327 0.26394052 0.29739777 0.20817844]\n  [0.46666667 0.23333333 0.16111111 0.13888889]\n  [0.36111111 0.18981481 0.06018519 0.38888889]]\n\n [[0.12554113 0.32467532 0.14285714 0.40692641]\n  [0.12       0.44666667 0.26666667 0.16666667]\n  [0.01724138 0.56896552 0.31034483 0.10344828]\n  [0.04368932 0.38349515 0.22815534 0.34466019]]]\n\nID: gen_0_022\nScore: 7399.727197163962\nStrategy count:\n    U    D    N\n1: 0    0    60   \n2: 0    0    60   \n3: 60   60   60   \n4: 679664447120182\nGenes:\n[[[0.19617225 0.16267943 0.44019139 0.20095694]\n  [0.13989637 0.24352332 0.14507772 0.47150259]\n  [0.26765799 0.04089219 0.33457249 0.35687732]\n  [0.00480769 0.43269231 0.20673077 0.35576923]]\n\n [[0.31640625 0.3828125  0.14453125 0.15625   ]\n  [0.48958333 0.06770833 0.015625   0.42708333]\n  [0.         0.36752137 0.01709402 0.61538462]\n  [0.11309524 0.16666667 0.5        0.2202381 ]]\n\n [[0.41717791 0.11656442 0.07361963 0.39263804]\n  [0.27777778 0.30092593 0.30092593 0.12037037]\n  [0.23076923 0.1875     0.31730769 0.26442308]\n  [0.16115702 0.19834711 0.33057851 0.30991736]]]\n\nID: gen_0_002\nScore: 7403.452502854333\nStrategy count:\n    U    D    N\n1: 0    0    60   \n2: 0    0    60   \n3: 60   60   60   \n4: 470113041613837\nGenes:\n[[[0.28017241 0.34482759 0.         0.375     ]\n  [0.28125    0.15625    0.16071429 0.40178571]\n  [0.28673835 0.26523297 0.29749104 0.15053763]\n  [0.09183673 0.25       0.21938776 0.43877551]]\n\n [[0.12173913 0.0173913  0.11304348 0.74782609]\n  [0.40714286 0.16428571 0.13571429 0.29285714]\n  [0.28440367 0.21100917 0.29969419 0.20489297]\n  [0.36       0.32571429 0.04571429 0.26857143]]\n\n [[0.34408602 0.24014337 0.21146953 0.20430108]\n  [0.04411765 0.18382353 0.36764706 0.40441176]\n  [0.43317972 0.37327189 0.18894009 0.00460829]\n  [0.31515152 0.08484848 0.0969697  0.5030303 ]]]\n\nID: gen_0_021\nScore: 7406.351239503257\nStrategy count:\n    U    D    N\n1: 0    0    60   \n2: 0    0    60   \n3: 60   60   60   \n4: 691514493620797\nGenes:\n[[[0.11805556 0.33333333 0.3125     0.23611111]\n  [0.24242424 0.34545455 0.15757576 0.25454545]\n  [0.35658915 0.1627907  0.15503876 0.3255814 ]\n  [0.31271478 0.06872852 0.30927835 0.30927835]]\n\n [[0.33955224 0.27985075 0.29477612 0.0858209 ]\n  [0.21518987 0.3164557  0.26582278 0.20253165]\n  [0.125      0.34375    0.36160714 0.16964286]\n  [0.16033755 0.37974684 0.19831224 0.26160338]]\n\n [[0.37021277 0.23404255 0.10638298 0.2893617 ]\n  [0.09722222 0.41666667 0.25       0.23611111]\n  [0.25555556 0.27407407 0.28518519 0.18518519]\n  [0.35217391 0.33913043 0.0173913  0.29130435]]]\n\nID: gen_0_018\nScore: 7406.815111401118\nStrategy count:\n    U    D    N\n1: 0    0    60   \n2: 0    0    60   \n3: 60   60   60   \n4: 658964282119702\nGenes:\n[[[0.04278075 0.20855615 0.24064171 0.50802139]\n  [0.08045977 0.29118774 0.35249042 0.27586207]\n  [0.38164251 0.02898551 0.40096618 0.1884058 ]\n  [0.07843137 0.25490196 0.34117647 0.3254902 ]]\n\n [[0.65034965 0.02797203 0.18181818 0.13986014]\n  [0.27272727 0.4973262  0.15508021 0.07486631]\n  [0.4964539  0.32624113 0.06382979 0.11347518]\n  [0.19158879 0.3411215  0.1588785  0.30841121]]\n\n [[0.16785714 0.29642857 0.31428571 0.22142857]\n  [0.         0.27741935 0.18709677 0.53548387]\n  [0.1245283  0.29811321 0.28679245 0.29056604]\n  [0.07734807 0.4198895  0.27071823 0.2320442 ]]]\n\nID: gen_0_015\nScore: 7407.641746974065\nStrategy count:\n    U    D    N\n1: 0    0    60   \n2: 0    0    60   \n3: 60   60   60   \n4: 616964012118382\nGenes:\n[[[0.48979592 0.09693878 0.24489796 0.16836735]\n  [0.18292683 0.25       0.03658537 0.5304878 ]\n  [0.23809524 0.32738095 0.10714286 0.32738095]\n  [0.12077295 0.41545894 0.11594203 0.34782609]]\n\n [[0.27118644 0.22033898 0.31186441 0.19661017]\n  [0.23972603 0.29452055 0.28767123 0.17808219]\n  [0.22285714 0.37142857 0.09142857 0.31428571]\n  [0.2961165  0.0776699  0.45631068 0.16990291]]\n\n [[0.29889299 0.09225092 0.33948339 0.26937269]\n  [0.11494253 0.50574713 0.02873563 0.35057471]\n  [0.16753927 0.39267016 0.29842932 0.14136126]\n  [0.23636364 0.06363636 0.67272727 0.02727273]]]\n\nID: gen_0_014\nScore: 7414.621868457519\nStrategy count:\n    U    D    N\n1: 0    0    60   \n2: 0    0    60   \n3: 60   60   60   \n4: 631814082618967\nGenes:\n[[[0.14678899 0.33486239 0.43577982 0.08256881]\n  [0.1835443  0.08227848 0.59493671 0.13924051]\n  [0.37572254 0.3699422  0.00578035 0.24855491]\n  [0.03603604 0.44594595 0.13513514 0.38288288]]\n\n [[0.13043478 0.24223602 0.01863354 0.60869565]\n  [0.30434783 0.08695652 0.27950311 0.32919255]\n  [0.26923077 0.2        0.28461538 0.24615385]\n  [0.33984375 0.26171875 0.140625   0.2578125 ]]\n\n [[0.29946524 0.05882353 0.13903743 0.5026738 ]\n  [0.16243655 0.25380711 0.41116751 0.17258883]\n  [0.26482213 0.30434783 0.3083004  0.12252964]\n  [0.04268293 0.53658537 0.42073171 0.        ]]]\n\nID: gen_0_023\nScore: 7414.970524800961\nStrategy count:\n    U    D    N\n1: 0    0    60   \n2: 0    0    60   \n3: 60   60   60   \n4: 735464765122192\nGenes:\n[[[0.3255814  0.29568106 0.31893688 0.05980066]\n  [0.21052632 0.28654971 0.4619883  0.04093567]\n  [0.61643836 0.12328767 0.19178082 0.06849315]\n  [0.23282443 0.3778626  0.05343511 0.33587786]]\n\n [[0.10810811 0.15315315 0.00900901 0.72972973]\n  [0.09142857 0.27428571 0.13142857 0.50285714]\n  [0.49640288 0.         0.01438849 0.48920863]\n  [0.19330855 0.26022305 0.2527881  0.2936803 ]]\n\n [[0.2360515  0.34763948 0.30901288 0.10729614]\n  [0.36758893 0.28063241 0.22134387 0.13043478]\n  [0.16923077 0.18846154 0.38076923 0.26153846]\n  [0.19827586 0.22413793 0.25       0.32758621]]]\n\nID: gen_0_004\nScore: 7416.270822539431\nStrategy count:\n    U    D    N\n1: 0    0    60   \n2: 0    0    60   \n3: 60   60   60   \n4: 524113353615877\nGenes:\n[[[0.39004149 0.06224066 0.39834025 0.14937759]\n  [0.1779661  0.3559322  0.16949153 0.29661017]\n  [0.29773463 0.30744337 0.23624595 0.15857605]\n  [0.         0.45744681 0.45744681 0.08510638]]\n\n [[0.         0.35       0.19166667 0.45833333]\n  [0.22277228 0.19306931 0.4009901  0.18316832]\n  [0.38613861 0.15841584 0.15841584 0.2970297 ]\n  [0.40740741 0.02469136 0.16049383 0.40740741]]\n\n [[0.07657658 0.15315315 0.42342342 0.34684685]\n  [0.41089109 0.1039604  0.06930693 0.41584158]\n  [0.26007326 0.2014652  0.26739927 0.27106227]\n  [0.10952381 0.38571429 0.4047619  0.1       ]]]\n\nID: gen_0_030\nScore: 7417.120632500772\nStrategy count:\n    U    D    N\n1: 0    0    60   \n2: 0    0    60   \n3: 60   60   60   \n4: 824115333625117\nGenes:\n[[[0.65116279 0.20930233 0.13953488 0.        ]\n  [0.208      0.324      0.108      0.36      ]\n  [0.1025641  0.6025641  0.12179487 0.17307692]\n  [0.17266187 0.3057554  0.16546763 0.35611511]]\n\n [[0.3968254  0.15343915 0.18518519 0.26455026]\n  [0.33755274 0.33333333 0.29113924 0.03797468]\n  [0.17449664 0.12080537 0.10067114 0.60402685]\n  [0.13043478 0.48913043 0.09782609 0.2826087 ]]\n\n [[0.08152174 0.22282609 0.51630435 0.17934783]\n  [0.5212766  0.06382979 0.35638298 0.05851064]\n  [0.41871921 0.08866995 0.10837438 0.38423645]\n  [0.26570048 0.1352657  0.17391304 0.42512077]]]\n\nID: gen_0_029\nScore: 7418.78936994901\nStrategy count:\n    U    D    N\n1: 0    0    60   \n2: 0    0    60   \n3: 60   60   60   \n4: 819765296125042\nGenes:\n[[[0.30541872 0.33497537 0.19704433 0.16256158]\n  [0.37795276 0.30708661 0.07086614 0.24409449]\n  [0.19183673 0.27346939 0.21632653 0.31836735]\n  [0.05882353 0.45098039 0.03921569 0.45098039]]\n\n [[0.35260116 0.21387283 0.12716763 0.30635838]\n  [0.1509434  0.20377358 0.29056604 0.35471698]\n  [0.21       0.28       0.31       0.2       ]\n  [0.22926829 0.28292683 0.38536585 0.10243902]]\n\n [[0.09375    0.03125    0.39583333 0.47916667]\n  [0.088      0.072      0.744      0.096     ]\n  [0.336      0.472      0.048      0.144     ]\n  [0.23222749 0.22748815 0.44075829 0.09952607]]]\n\nID: gen_0_016\nScore: 7418.976198314991\nStrategy count:\n    U    D    N\n1: 0    0    60   \n2: 0    0    60   \n3: 60   60   60   \n4: 660164252120092\nGenes:\n[[[0.32608696 0.22463768 0.44202899 0.00724638]\n  [0.26277372 0.2919708  0.22262774 0.22262774]\n  [0.49090909 0.05454545 0.43030303 0.02424242]\n  [0.28421053 0.15789474 0.38421053 0.17368421]]\n\n [[0.3024055  0.26804124 0.13058419 0.29896907]\n  [0.19375    0.5125     0.1        0.19375   ]\n  [0.35820896 0.17164179 0.14179104 0.32835821]\n  [0.48818898 0.03937008 0.23622047 0.23622047]]\n\n [[0.15286624 0.41401274 0.31847134 0.11464968]\n  [0.16230366 0.02617801 0.29842932 0.51308901]\n  [0.45145631 0.2961165  0.14563107 0.10679612]\n  [0.13186813 0.35164835 0.46153846 0.05494505]]]\n\nID: gen_0_006\nScore: 7423.367274762533\nStrategy count:\n    U    D    N\n1: 0    0    60   \n2: 0    0    60   \n3: 60   60   60   \n4: 577813674617707\nGenes:\n[[[0.15841584 0.49009901 0.25247525 0.0990099 ]\n  [0.29255319 0.34042553 0.16489362 0.20212766]\n  [0.24264706 0.31617647 0.13235294 0.30882353]\n  [0.12556054 0.18834081 0.40358744 0.28251121]]\n\n [[0.33649289 0.26066351 0.28436019 0.11848341]\n  [0.03623188 0.13768116 0.33333333 0.49275362]\n  [0.23004695 0.02816901 0.27699531 0.46478873]\n  [0.11811024 0.22834646 0.65354331 0.        ]]\n\n [[0.28671329 0.08391608 0.46853147 0.16083916]\n  [0.05       0.3        0.30555556 0.34444444]\n  [0.236      0.072      0.344      0.348     ]\n  [0.22421525 0.26008969 0.28699552 0.22869955]]]\n\nID: gen_0_009\nScore: 7425.877792519102\nStrategy count:\n    U    D    N\n1: 0    0    60   \n2: 0    0    60   \n3: 60   60   60   \n4: 616663925118952\nGenes:\n[[[0.33103448 0.35172414 0.11724138 0.2       ]\n  [0.12867647 0.35294118 0.33455882 0.18382353]\n  [0.86597938 0.03092784 0.10309278 0.        ]\n  [0.2519685  0.2007874  0.35826772 0.18897638]]\n\n [[0.29192547 0.11801242 0.49689441 0.0931677 ]\n  [0.31       0.6        0.08       0.01      ]\n  [0.15517241 0.05172414 0.22413793 0.56896552]\n  [0.03726708 0.49689441 0.18012422 0.28571429]]\n\n [[0.21985816 0.54609929 0.17730496 0.05673759]\n  [0.33061224 0.22040816 0.28571429 0.16326531]\n  [0.19934641 0.29738562 0.18627451 0.31699346]\n  [0.14414414 0.25675676 0.3018018  0.2972973 ]]]\n\nID: gen_0_025\nScore: 7428.934820467054\nStrategy count:\n    U    D    N\n1: 0    0    60   \n2: 0    0    60   \n3: 60   60   60   \n4: 795915111624487\nGenes:\n[[[0.23783784 0.18378378 0.24324324 0.33513514]\n  [0.34146341 0.10731707 0.33170732 0.2195122 ]\n  [0.01176471 0.27647059 0.2        0.51176471]\n  [0.46766169 0.09452736 0.11940299 0.31840796]]\n\n [[0.29411765 0.18627451 0.20915033 0.31045752]\n  [0.20304569 0.44162437 0.00507614 0.35025381]\n  [0.24590164 0.33606557 0.06557377 0.35245902]\n  [0.13829787 0.5212766  0.13829787 0.20212766]]\n\n [[0.30348259 0.44278607 0.24875622 0.00497512]\n  [0.14285714 0.34065934 0.47802198 0.03846154]\n  [0.165      0.475      0.32       0.04      ]\n  [0.06282723 0.48167539 0.14659686 0.30890052]]]\n\nID: gen_0_001\nScore: 7431.4468067714415\nStrategy count:\n    U    D    N\n1: 0    0    60   \n2: 0    0    58   \n3: 60   60   53   \n4: 543163418116831\nGenes:\n[[[0.26160338 0.21097046 0.22362869 0.30379747]\n  [0.3253012  0.24698795 0.01807229 0.40963855]\n  [0.25821596 0.19248826 0.44600939 0.10328638]\n  [0.18947368 0.45263158 0.33157895 0.02631579]]\n\n [[0.22335025 0.26903553 0.06598985 0.44162437]\n  [0.16831683 0.28712871 0.26732673 0.27722772]\n  [0.26111111 0.2        0.31666667 0.22222222]\n  [0.390625   0.09895833 0.03645833 0.47395833]]\n\n [[0.38842975 0.23553719 0.23553719 0.14049587]\n  [0.52662722 0.02366864 0.36686391 0.08284024]\n  [0.28519856 0.16967509 0.2166065  0.32851986]\n  [0.33482143 0.11607143 0.20982143 0.33928571]]]\n\nID: gen_0_008\nScore: 7432.642600566545\nStrategy count:\n    U    D    N\n1: 0    0    60   \n2: 0    0    60   \n3: 60   60   60   \n4: 625213956619387\nGenes:\n[[[0.07874016 0.27559055 0.59055118 0.05511811]\n  [0.0625     0.71428571 0.01785714 0.20535714]\n  [0.27894737 0.14736842 0.50526316 0.06842105]\n  [0.36942675 0.17834395 0.2866242  0.1656051 ]]\n\n [[0.12280702 0.14035088 0.56140351 0.1754386 ]\n  [0.13089005 0.29842932 0.2513089  0.31937173]\n  [0.4875     0.10625    0.31875    0.0875    ]\n  [0.21978022 0.33699634 0.17216117 0.27106227]]\n\n [[0.09090909 0.24880383 0.35885167 0.30143541]\n  [0.39325843 0.12921348 0.01685393 0.46067416]\n  [0.32673267 0.25742574 0.24752475 0.16831683]\n  [0.29268293 0.3495935  0.08130081 0.27642276]]]\n\nID: gen_0_011\nScore: 7439.826230355391\nStrategy count:\n    U    D    N\n1: 0    0    60   \n2: 0    0    60   \n3: 60   60   60   \n4: 670514241620887\nGenes:\n[[[0.2955665  0.12315271 0.16256158 0.41871921]\n  [0.3025641  0.48205128 0.04102564 0.17435897]\n  [0.03317536 0.41232227 0.42180095 0.13270142]\n  [0.57333333 0.04       0.30666667 0.08      ]]\n\n [[0.59813084 0.24299065 0.07476636 0.08411215]\n  [0.22406639 0.27385892 0.32365145 0.17842324]\n  [0.31944444 0.03472222 0.32638889 0.31944444]\n  [0.0747331  0.2455516  0.33096085 0.34875445]]\n\n [[0.29207921 0.05445545 0.2970297  0.35643564]\n  [0.05045872 0.37614679 0.44495413 0.12844037]\n  [0.12565445 0.36125654 0.43979058 0.07329843]\n  [0.21       0.325      0.01       0.455     ]]]\n\nID: gen_0_010\nScore: 7441.868159950754\nStrategy count:\n    U    D    N\n1: 0    0    60   \n2: 0    0    60   \n3: 60   60   60   \n4: 653264135120302\nGenes:\n[[[0.31489362 0.14893617 0.19574468 0.34042553]\n  [0.01869159 0.22429907 0.58878505 0.1682243 ]\n  [0.3047619  0.24761905 0.18095238 0.26666667]\n  [0.02702703 0.36216216 0.29189189 0.31891892]]\n\n [[0.42307692 0.19230769 0.38461538 0.        ]\n  [0.31075697 0.22709163 0.33067729 0.1314741 ]\n  [0.35978836 0.08994709 0.26455026 0.28571429]\n  [0.30952381 0.41666667 0.11904762 0.1547619 ]]\n\n [[0.07100592 0.58579882 0.23668639 0.10650888]\n  [0.01415094 0.30188679 0.29716981 0.38679245]\n  [0.22485207 0.47928994 0.05325444 0.24260355]\n  [0.16071429 0.53571429 0.04761905 0.25595238]]]\n\nID: gen_0_017\nScore: 7444.515378508107\nStrategy count:\n    U    D    N\n1: 0    0    60   \n2: 0    0    60   \n3: 60   60   60   \n4: 741764708123122\nGenes:\n[[[0.28825623 0.34519573 0.23843416 0.12811388]\n  [0.50625    0.39375    0.05       0.05      ]\n  [0.40990991 0.24774775 0.26576577 0.07657658]\n  [0.24242424 0.37662338 0.26839827 0.11255411]]\n\n [[0.19230769 0.29487179 0.07692308 0.43589744]\n  [0.21641791 0.1119403  0.08955224 0.58208955]\n  [0.33870968 0.10752688 0.43548387 0.11827957]\n  [0.27536232 0.33333333 0.04347826 0.34782609]]\n\n [[0.24662162 0.31081081 0.21959459 0.22297297]\n  [0.3540856  0.05447471 0.27237354 0.31906615]\n  [0.28301887 0.01886792 0.52830189 0.16981132]\n  [0.06614786 0.28793774 0.28015564 0.36575875]]]\n\nID: gen_0_007\nScore: 7457.473038816213\nStrategy count:\n    U    D    N\n1: 0    0    60   \n2: 0    0    60   \n3: 60   60   60   \n4: 646664057120332\nGenes:\n[[[0.2345679  0.5        0.00617284 0.25925926]\n  [0.31698113 0.00754717 0.34339623 0.33207547]\n  [0.28205128 0.28205128 0.28205128 0.15384615]\n  [0.336      0.304      0.044      0.316     ]]\n\n [[0.25726141 0.36929461 0.02489627 0.34854772]\n  [0.48672566 0.37168142 0.13274336 0.00884956]\n  [0.39047619 0.35238095 0.19047619 0.06666667]\n  [0.39855072 0.36231884 0.18115942 0.05797101]]\n\n [[0.19341564 0.27160494 0.1563786  0.37860082]\n  [0.22362869 0.13924051 0.29113924 0.34599156]\n  [0.2974359  0.19487179 0.31282051 0.19487179]\n  [0.00401606 0.30522088 0.36947791 0.32128514]]]\n\nID: gen_0_005\nScore: 7461.889089871085\nStrategy count:\n    U    D    N\n1: 0    0    60   \n2: 0    0    60   \n3: 60   60   60   \n4: 618613878619417\nGenes:\n[[[0.36969697 0.21212121 0.2969697  0.12121212]\n  [0.26923077 0.45673077 0.19711538 0.07692308]\n  [0.24663677 0.14798206 0.39461883 0.21076233]\n  [0.50609756 0.3597561  0.09756098 0.03658537]]\n\n [[0.61029412 0.13970588 0.02941176 0.22058824]\n  [0.01960784 0.47058824 0.23529412 0.2745098 ]\n  [0.22510823 0.32467532 0.11255411 0.33766234]\n  [0.15748031 0.22047244 0.06299213 0.55905512]]\n\n [[0.09452736 0.2039801  0.3681592  0.33333333]\n  [0.17182131 0.32302405 0.30584192 0.19931271]\n  [0.38392857 0.25       0.36607143 0.        ]\n  [0.31410256 0.16025641 0.14102564 0.38461538]]]\n\nID: gen_0_028\nScore: 7466.20870233173\nStrategy count:\n    U    D    N\n1: 0    0    60   \n2: 0    0    60   \n3: 60   60   60   \n4: 879915603627517\nGenes:\n[[[0.28244275 0.13740458 0.30152672 0.27862595]\n  [0.17437722 0.24199288 0.35231317 0.23131673]\n  [0.12048193 0.44578313 0.18072289 0.25301205]\n  [0.2826087  0.31304348 0.07391304 0.33043478]]\n\n [[0.24528302 0.33018868 0.39622642 0.02830189]\n  [0.05319149 0.25531915 0.65957447 0.03191489]\n  [0.52121212 0.31515152 0.12121212 0.04242424]\n  [0.3923445  0.4354067  0.14354067 0.02870813]]\n\n [[0.06748466 0.10429448 0.3006135  0.52760736]\n  [0.28205128 0.30769231 0.18681319 0.22344322]\n  [0.33571429 0.3        0.15714286 0.20714286]\n  [0.1125     0.39375    0.0375     0.45625   ]]]\n\nID: gen_0_019\nScore: 7469.674074022919\nStrategy count:\n    U    D    N\n1: 0    0    60   \n2: 0    0    60   \n3: 60   60   60   \n4: 789164990124802\nGenes:\n[[[0.31007752 0.45736434 0.17054264 0.0620155 ]\n  [0.20392157 0.18431373 0.25882353 0.35294118]\n  [0.02880658 0.38683128 0.20576132 0.37860082]\n  [0.52229299 0.20382166 0.02547771 0.24840764]]\n\n [[0.28       0.14       0.51       0.07      ]\n  [0.28571429 0.30564784 0.24916944 0.15946844]\n  [0.0125     0.55       0.075      0.3625    ]\n  [0.20666667 0.6        0.02       0.17333333]]\n\n [[0.39698492 0.09045226 0.15075377 0.36180905]\n  [0.41578947 0.05789474 0.4        0.12631579]\n  [0.47244094 0.         0.4015748  0.12598425]\n  [0.22807018 0.37280702 0.07894737 0.32017544]]]\n\nID: gen_0_024\nScore: 7473.436661912385\nStrategy count:\n    U    D    N\n1: 0    0    60   \n2: 0    0    60   \n3: 60   60   60   \n4: 856065419126962\nGenes:\n[[[0.20979021 0.17482517 0.27972028 0.33566434]\n  [0.         0.54143646 0.4198895  0.03867403]\n  [0.25       0.48       0.165      0.105     ]\n  [0.46745562 0.36686391 0.0295858  0.13609467]]\n\n [[0.32386364 0.55113636 0.08522727 0.03977273]\n  [0.25076453 0.28746177 0.23547401 0.22629969]\n  [0.06086957 0.26956522 0.39565217 0.27391304]\n  [0.25728155 0.16019417 0.47087379 0.11165049]]\n\n [[0.5648855  0.23664122 0.09923664 0.09923664]\n  [0.30350195 0.28015564 0.26459144 0.15175097]\n  [0.07432432 0.32432432 0.18243243 0.41891892]\n  [0.30584192 0.30584192 0.21649485 0.17182131]]]\n\nID: gen_0_013\nScore: 7477.089827836154\nStrategy count:\n    U    D    N\n1: 0    0    60   \n2: 0    0    60   \n3: 60   60   60   \n4: 730814592623077\nGenes:\n[[[0.09565217 0.59130435 0.26086957 0.05217391]\n  [0.17073171 0.2195122  0.42926829 0.1804878 ]\n  [0.07407407 0.06481481 0.4537037  0.40740741]\n  [0.27932961 0.37988827 0.30167598 0.03910615]]\n\n [[0.23255814 0.06976744 0.65116279 0.04651163]\n  [0.37007874 0.01574803 0.53543307 0.07874016]\n  [0.05298013 0.49006623 0.08609272 0.37086093]\n  [0.16363636 0.35151515 0.27272727 0.21212121]]\n\n [[0.20108696 0.13586957 0.48369565 0.17934783]\n  [0.11290323 0.51075269 0.15053763 0.22580645]\n  [0.0483871  0.1344086  0.41397849 0.40322581]\n  [0.28636364 0.39090909 0.17727273 0.14545455]]]\n\nID: gen_0_003\nScore: 7509.49728867355\nStrategy count:\n    U    D    N\n1: 0    0    60   \n2: 0    0    60   \n3: 60   60   60   \n4: 635713941620287\nGenes:\n[[[0.31672598 0.20996441 0.24911032 0.22419929]\n  [0.16049383 0.03703704 0.55555556 0.24691358]\n  [0.15469613 0.20441989 0.49723757 0.14364641]\n  [0.22115385 0.57692308 0.11538462 0.08653846]]\n\n [[0.11801242 0.47204969 0.13043478 0.27950311]\n  [0.23387097 0.375      0.10483871 0.28629032]\n  [0.30290456 0.16182573 0.2406639  0.29460581]\n  [0.40837696 0.23036649 0.34554974 0.01570681]]\n\n [[0.25882353 0.17647059 0.41176471 0.15294118]\n  [0.02242152 0.25560538 0.37219731 0.34977578]\n  [0.11267606 0.18309859 0.11267606 0.5915493 ]\n  [0.57553957 0.05755396 0.31654676 0.05035971]]]\n\n"
     ]
    }
   ],
   "source": [
    "for i in sorted(individuals, key=lambda x: x.mean_score):\n",
    "    print(f\"ID: {i.ID}\")\n",
    "    print(f\"Score: {i.mean_score}\")\n",
    "    print(\"Strategy count:\")\n",
    "    print(f\"{'U':>5}{'D':>5}{'N':>5}\")\n",
    "    for w in range(1,5):\n",
    "        print(f\"{w}: {i.strategy_count[gen]['U'][w]:<5}{i.strategy_count[gen]['D'][w]:<5}{i.strategy_count[gen]['N'][w]:<5}\")\n",
    "    print(f\"Genes:\\n{i.genes}\")\n",
    "    print()"
   ]
  },
  {
   "cell_type": "code",
   "execution_count": null,
   "metadata": {},
   "outputs": [],
   "source": []
  }
 ]
}