{
 "metadata": {
  "language_info": {
   "codemirror_mode": {
    "name": "ipython",
    "version": 3
   },
   "file_extension": ".py",
   "mimetype": "text/x-python",
   "name": "python",
   "nbconvert_exporter": "python",
   "pygments_lexer": "ipython3",
   "version": "3.8.0-final"
  },
  "orig_nbformat": 2,
  "kernelspec": {
   "name": "python3",
   "display_name": "Python 3.8.0 64-bit",
   "metadata": {
    "interpreter": {
     "hash": "d1135e85b24d6fc36dc6a0cb37a446f4ea6c1d1c5d9ce7e53624fd1bcca00fa0"
    }
   }
  }
 },
 "nbformat": 4,
 "nbformat_minor": 2,
 "cells": [
  {
   "cell_type": "code",
   "execution_count": 10,
   "metadata": {},
   "outputs": [],
   "source": [
    "sys.path.append(\"..\")\n",
    "import os\n",
    "import utils\n",
    "import numpy as np\n",
    "import pandas as pd"
   ]
  },
  {
   "cell_type": "code",
   "execution_count": 101,
   "metadata": {},
   "outputs": [],
   "source": [
    "def read_all_results(dir_path):\n",
    "    paths = os.listdir(dir_path)\n",
    "    try: paths.remove('archive') \n",
    "    except: pass\n",
    "    last_gens = []\n",
    "    for i in range(len(paths)):\n",
    "        path = dir_path + paths[i]\n",
    "        last_gen = sorted(map(lambda x: x.split(\"_\"), \n",
    "                        os.listdir(f\"{path}/individuals/\")), \n",
    "                        key=lambda x: int(x[1].split(\".\")[0]))[-1][-1][:-4]\n",
    "        print(f\"Path: {paths[i]}, last generation: {int(last_gen)}\")\n",
    "        last_gens.append(int(last_gen))\n",
    "    return paths, last_gens"
   ]
  },
  {
   "cell_type": "code",
   "execution_count": 102,
   "metadata": {},
   "outputs": [
    {
     "output_type": "stream",
     "name": "stdout",
     "text": [
      "Path: GA_2021_05_12_180608, last generation: 19\nPath: GA_2021_05_12_180637, last generation: 19\nPath: GA_2021_05_12_180650, last generation: 18\nPath: GA_2021_05_12_180545, last generation: 20\nPath: GA_2021_05_12_180556, last generation: 19\nPath: GA_2021_05_12_180700, last generation: 20\n"
     ]
    }
   ],
   "source": [
    "dir_path = \"../results/\"\n",
    "paths, last_gens = read_all_results(dir_path)"
   ]
  },
  {
   "cell_type": "code",
   "execution_count": 139,
   "metadata": {},
   "outputs": [],
   "source": [
    "run = 1\n",
    "path = dir_path + paths[run]\n",
    "gen = 19\n",
    "\n",
    "individuals_path =  f\"{path}/individuals/individuals_{gen}.pkl\"\n",
    "score_path       =  f\"{path}/final_scores/final_score_{gen}.pkl\"\n",
    "overview_path    =  f\"{path}/generation_overview.csv\"\n",
    "\n",
    "final_score = utils.read_pickle(score_path)\n",
    "individuals = utils.read_pickle(individuals_path)\n",
    "overview = pd.read_csv(overview_path)"
   ]
  },
  {
   "cell_type": "code",
   "execution_count": 140,
   "metadata": {},
   "outputs": [
    {
     "output_type": "stream",
     "name": "stdout",
     "text": [
      "Time: 12.05.2021 (18:06:37)\nObjective: deaths\nNumber of simulations: 30\nMDP params: (Horizon: 79, Decision period: 28, Policy: weighted, )\nInitial population size: 20\nRandom individual genes: True\nMinimum number of generations: 20\n"
     ]
    }
   ],
   "source": [
    "with open(dir_path + paths[run] + \"/run_info.txt\", \"r\") as file:\n",
    "    print(file.read())\n",
    "    file.close()"
   ]
  },
  {
   "cell_type": "code",
   "execution_count": 142,
   "metadata": {
    "tags": []
   },
   "outputs": [
    {
     "output_type": "stream",
     "name": "stdout",
     "text": [
      "Strategy count:\n    U    D    N\n1: 45   41   19   \n2: 35   16   3    \n3: 9    2    0    \n\u001b[1m1st place:\u001b[0m\nID: gen_16_012\nScore: 1722.108597652021\nGenes:\n[[[0.118 0.023 0.166 0.692]\n  [0.537 0.171 0.109 0.183]\n  [0.117 0.339 0.056 0.489]]\n\n [[0.214 0.302 0.315 0.17 ]\n  [0.189 0.24  0.264 0.307]\n  [0.355 0.    0.179 0.466]]\n\n [[0.269 0.325 0.282 0.123]\n  [0.249 0.094 0.254 0.404]\n  [0.224 0.252 0.353 0.171]]]\n\n\u001b[1m2nd place:\u001b[0m\nID: gen_8_003\nScore: 1732.9542564724231\nGenes:\n[[[0.371 0.02  0.087 0.521]\n  [0.448 0.303 0.1   0.149]\n  [0.122 0.348 0.224 0.307]]\n\n [[0.298 0.336 0.207 0.16 ]\n  [0.155 0.121 0.325 0.399]\n  [0.294 0.057 0.206 0.443]]\n\n [[0.252 0.071 0.438 0.239]\n  [0.347 0.134 0.321 0.198]\n  [0.381 0.179 0.261 0.179]]]\n\n\u001b[1m3rd place:\u001b[0m\nID: gen_0_006\nScore: 1736.4754949624482\nGenes:\n[[[0.43  0.022 0.045 0.503]\n  [0.537 0.171 0.109 0.183]\n  [0.117 0.339 0.056 0.489]]\n\n [[0.061 0.443 0.316 0.179]\n  [0.164 0.092 0.344 0.4  ]\n  [0.208 0.    0.434 0.358]]\n\n [[0.232 0.037 0.5   0.232]\n  [0.249 0.094 0.254 0.404]\n  [0.378 0.202 0.283 0.137]]]\n\n\u001b[1m4th place:\u001b[0m\nID: gen_0_011\nScore: 1738.9744216204417\nGenes:\n[[[0.195 0.013 0.215 0.577]\n  [0.383 0.101 0.114 0.403]\n  [0.143 0.394 0.149 0.314]]\n\n [[0.238 0.383 0.094 0.285]\n  [0.129 0.206 0.271 0.394]\n  [0.32  0.184 0.15  0.347]]\n\n [[0.3   0.219 0.233 0.247]\n  [0.366 0.149 0.267 0.217]\n  [0.391 0.111 0.193 0.305]]]\n\n\u001b[1m5th place:\u001b[0m\nID: gen_12_009\nScore: 1740.205480340648\nGenes:\n[[[0.177 0.016 0.198 0.609]\n  [0.344 0.206 0.131 0.32 ]\n  [0.179 0.159 0.19  0.472]]\n\n [[0.232 0.37  0.277 0.121]\n  [0.148 0.229 0.309 0.314]\n  [0.266 0.229 0.141 0.363]]\n\n [[0.364 0.179 0.275 0.181]\n  [0.299 0.16  0.299 0.242]\n  [0.325 0.109 0.335 0.232]]]\n\n\u001b[1m6th place:\u001b[0m\nID: gen_5_007\nScore: 1745.381307896979\nGenes:\n[[[0.107 0.061 0.191 0.641]\n  [0.415 0.229 0.296 0.06 ]\n  [0.168 0.158 0.069 0.605]]\n\n [[0.181 0.071 0.232 0.515]\n  [0.212 0.104 0.181 0.502]\n  [0.055 0.22  0.397 0.328]]\n\n [[0.384 0.16  0.199 0.257]\n  [0.346 0.272 0.152 0.23 ]\n  [0.18  0.398 0.284 0.138]]]\n\n\u001b[1m7th place:\u001b[0m\nID: gen_14_006\nScore: 1745.6027006590223\nGenes:\n[[[0.104 0.06  0.208 0.628]\n  [0.086 0.229 0.219 0.465]\n  [0.226 0.149 0.266 0.359]]\n\n [[0.198 0.277 0.182 0.344]\n  [0.201 0.11  0.19  0.5  ]\n  [0.207 0.225 0.252 0.316]]\n\n [[0.086 0.216 0.27  0.427]\n  [0.602 0.136 0.166 0.096]\n  [0.057 0.429 0.275 0.238]]]\n\n\u001b[1m8th place:\u001b[0m\nID: gen_17_012\nScore: 1747.2517104896604\nGenes:\n[[[0.107 0.061 0.191 0.641]\n  [0.397 0.281 0.258 0.064]\n  [0.21  0.139 0.066 0.584]]\n\n [[0.181 0.071 0.232 0.515]\n  [0.221 0.131 0.172 0.477]\n  [0.053 0.263 0.374 0.31 ]]\n\n [[0.384 0.16  0.199 0.257]\n  [0.344 0.268 0.138 0.25 ]\n  [0.184 0.406 0.276 0.134]]]\n\n\u001b[1m9th place:\u001b[0m\nID: gen_18_012\nScore: 1748.0490340141528\nGenes:\n[[[0.126 0.059 0.184 0.632]\n  [0.397 0.281 0.258 0.064]\n  [0.21  0.139 0.066 0.584]]\n\n [[0.181 0.071 0.232 0.515]\n  [0.221 0.131 0.172 0.477]\n  [0.053 0.263 0.374 0.31 ]]\n\n [[0.331 0.137 0.283 0.249]\n  [0.344 0.268 0.138 0.25 ]\n  [0.184 0.406 0.276 0.134]]]\n\n\u001b[1m10th place:\u001b[0m\nID: gen_11_006\nScore: 1749.3043344780526\nGenes:\n[[[0.107 0.061 0.191 0.641]\n  [0.397 0.281 0.258 0.064]\n  [0.218 0.144 0.088 0.551]]\n\n [[0.181 0.071 0.232 0.515]\n  [0.221 0.131 0.172 0.477]\n  [0.056 0.279 0.315 0.35 ]]\n\n [[0.384 0.16  0.199 0.257]\n  [0.344 0.268 0.138 0.25 ]\n  [0.189 0.418 0.268 0.124]]]\n\n\u001b[1m11th place:\u001b[0m\nID: gen_19_004\nScore: 1749.7927166863517\nGenes:\n[[[0.111 0.06  0.189 0.639]\n  [0.423 0.234 0.275 0.068]\n  [0.21  0.139 0.066 0.584]]\n\n [[0.163 0.064 0.31  0.463]\n  [0.221 0.131 0.172 0.477]\n  [0.054 0.271 0.385 0.289]]\n\n [[0.385 0.16  0.191 0.264]\n  [0.262 0.302 0.156 0.281]\n  [0.275 0.361 0.245 0.119]]]\n\n\u001b[1m12th place:\u001b[0m\nID: gen_10_003\nScore: 1752.4026097559918\nGenes:\n[[[0.121 0.065 0.215 0.599]\n  [0.406 0.255 0.277 0.062]\n  [0.251 0.14  0.073 0.536]]\n\n [[0.192 0.081 0.229 0.498]\n  [0.217 0.118 0.176 0.49 ]\n  [0.055 0.25  0.356 0.339]]\n\n [[0.393 0.177 0.214 0.216]\n  [0.374 0.209 0.157 0.26 ]\n  [0.185 0.408 0.276 0.131]]]\n\n\u001b[1m13th place:\u001b[0m\nID: gen_13_002\nScore: 1754.8408042435647\nGenes:\n[[[0.128 0.06  0.187 0.626]\n  [0.397 0.281 0.258 0.064]\n  [0.206 0.136 0.083 0.574]]\n\n [[0.181 0.071 0.232 0.515]\n  [0.226 0.109 0.176 0.489]\n  [0.068 0.304 0.384 0.243]]\n\n [[0.34  0.141 0.291 0.227]\n  [0.334 0.26  0.134 0.271]\n  [0.187 0.413 0.265 0.136]]]\n\n\u001b[1m14th place:\u001b[0m\nID: gen_4_001\nScore: 1755.8045380542856\nGenes:\n[[[0.201 0.055 0.171 0.573]\n  [0.506 0.279 0.141 0.073]\n  [0.136 0.128 0.241 0.495]]\n\n [[0.361 0.055 0.181 0.402]\n  [0.212 0.104 0.181 0.502]\n  [0.06  0.458 0.069 0.414]]\n\n [[0.384 0.16  0.199 0.257]\n  [0.24  0.36  0.095 0.304]\n  [0.18  0.397 0.183 0.24 ]]]\n\n\u001b[1m15th place:\u001b[0m\nID: gen_9_010\nScore: 1758.7648596021133\nGenes:\n[[[0.136 0.069 0.239 0.556]\n  [0.397 0.281 0.258 0.064]\n  [0.218 0.144 0.088 0.551]]\n\n [[0.203 0.09  0.225 0.482]\n  [0.221 0.131 0.172 0.477]\n  [0.056 0.279 0.315 0.35 ]]\n\n [[0.402 0.194 0.229 0.175]\n  [0.344 0.268 0.138 0.25 ]\n  [0.189 0.418 0.268 0.124]]]\n\n\u001b[1m16th place:\u001b[0m\nID: gen_2_009\nScore: 1761.5008707551538\nGenes:\n[[[0.201 0.055 0.171 0.573]\n  [0.521 0.287 0.049 0.143]\n  [0.114 0.072 0.355 0.46 ]]\n\n [[0.361 0.055 0.181 0.402]\n  [0.183 0.29  0.072 0.454]\n  [0.038 0.406 0.371 0.186]]\n\n [[0.353 0.147 0.264 0.236]\n  [0.244 0.366 0.115 0.275]\n  [0.165 0.28  0.135 0.42 ]]]\n\n\u001b[1m17th place:\u001b[0m\nID: gen_15_004\nScore: 1762.3078667394898\nGenes:\n[[[0.32  0.017 0.272 0.391]\n  [0.458 0.204 0.182 0.155]\n  [0.165 0.323 0.092 0.42 ]]\n\n [[0.128 0.441 0.306 0.125]\n  [0.2   0.123 0.183 0.494]\n  [0.145 0.019 0.513 0.323]]\n\n [[0.332 0.04  0.424 0.204]\n  [0.389 0.148 0.384 0.079]\n  [0.318 0.165 0.233 0.285]]]\n\n\u001b[1m18th place:\u001b[0m\nID: gen_6_015\nScore: 1766.9107787980097\nGenes:\n[[[0.2   0.081 0.357 0.362]\n  [0.343 0.229 0.201 0.228]\n  [0.248 0.098 0.387 0.267]]\n\n [[0.503 0.2   0.103 0.193]\n  [0.249 0.436 0.146 0.168]\n  [0.119 0.176 0.199 0.506]]\n\n [[0.391 0.165 0.293 0.151]\n  [0.209 0.271 0.33  0.19 ]\n  [0.176 0.388 0.168 0.268]]]\n\n\u001b[1m19th place:\u001b[0m\nID: gen_3_001\nScore: 1790.8870866599386\nGenes:\n[[[0.226 0.091 0.383 0.3  ]\n  [0.342 0.438 0.145 0.075]\n  [0.148 0.14  0.169 0.542]]\n\n [[0.269 0.147 0.204 0.381]\n  [0.246 0.21  0.144 0.401]\n  [0.06  0.458 0.069 0.414]]\n\n [[0.342 0.241 0.256 0.161]\n  [0.34  0.255 0.097 0.309]\n  [0.217 0.479 0.221 0.083]]]\n\n\u001b[1m20th place:\u001b[0m\nID: gen_0_009\nScore: 1793.0336722389645\nGenes:\n[[[0.054 0.054 0.571 0.321]\n  [0.097 0.271 0.324 0.308]\n  [0.122 0.143 0.281 0.454]]\n\n [[0.247 0.273 0.015 0.465]\n  [0.089 0.293 0.497 0.12 ]\n  [0.351 0.299 0.227 0.123]]\n\n [[0.337 0.195 0.227 0.241]\n  [0.185 0.173 0.362 0.28 ]\n  [0.082 0.366 0.165 0.387]]]\n\n\u001b[1m21st place:\u001b[0m\nID: gen_1_015\nScore: 1798.0123909209078\nGenes:\n[[[0.207 0.084 0.434 0.275]\n  [0.342 0.438 0.145 0.075]\n  [0.148 0.14  0.169 0.542]]\n\n [[0.265 0.248 0.17  0.317]\n  [0.266 0.227 0.156 0.351]\n  [0.052 0.403 0.181 0.364]]\n\n [[0.383 0.27  0.287 0.061]\n  [0.354 0.223 0.101 0.322]\n  [0.244 0.54  0.122 0.094]]]\n\n\u001b[1m22nd place:\u001b[0m\nID: gen_0_004\nScore: 1798.2734405676317\nGenes:\n[[[0.43  0.141 0.03  0.4  ]\n  [0.447 0.403 0.102 0.049]\n  [0.465 0.041 0.297 0.198]]\n\n [[0.177 0.258 0.434 0.131]\n  [0.187 0.105 0.378 0.33 ]\n  [0.142 0.438 0.324 0.096]]\n\n [[0.105 0.245 0.217 0.434]\n  [0.172 0.337 0.408 0.083]\n  [0.275 0.171 0.212 0.342]]]\n\n\u001b[1m23rd place:\u001b[0m\nID: gen_0_007\nScore: 1807.6174532679263\nGenes:\n[[[0.488 0.296 0.032 0.184]\n  [0.292 0.402 0.139 0.167]\n  [0.177 0.312 0.035 0.475]]\n\n [[0.014 0.128 0.277 0.581]\n  [0.481 0.031 0.259 0.228]\n  [0.027 0.091 0.39  0.492]]\n\n [[0.314 0.237 0.237 0.212]\n  [0.248 0.416 0.321 0.015]\n  [0.297 0.216 0.317 0.17 ]]]\n\n"
     ]
    }
   ],
   "source": [
    "ordinal = lambda n: \"%d%s\" % (n,\"tsnrhtdd\"[(n//10%10!=1)*(n%10<4)*n%10::4])\n",
    "for ix, i in enumerate(sorted(individuals, key=lambda x: x.mean_score)):\n",
    "    if ix == 0:\n",
    "        print(\"Strategy count:\")\n",
    "        print(f\"{'U':>5}{'D':>5}{'N':>5}\")\n",
    "        for w in range(1,4):\n",
    "            print(f\"{w}: {i.strategy_count[gen]['U'][w]:<5}{i.strategy_count[gen]['D'][w]:<5}{i.strategy_count[gen]['N'][w]:<5}\")\n",
    "        print()\n",
    "    print(f\"{utils.tcolors.BOLD}{ordinal(ix+1)} place:{utils.tcolors.ENDC}\")\n",
    "    print(f\"ID: {i.ID}\")\n",
    "    print(f\"Score: {i.mean_score}\")\n",
    "    \n",
    "    print(f\"Genes:\\n{np.round(i.genes, 3)}\")\n",
    "    print()"
   ]
  },
  {
   "cell_type": "code",
   "execution_count": 116,
   "metadata": {},
   "outputs": [
    {
     "output_type": "stream",
     "name": "stdout",
     "text": [
      "[[[0.11835709 0.02293166 0.16633865 0.69237261]\n  [0.53714286 0.17142857 0.10857143 0.18285714]\n  [0.11666667 0.33888889 0.05555556 0.48888889]]\n\n [[0.21373949 0.30158984 0.31515082 0.16951985]\n  [0.18883638 0.23997115 0.26393031 0.30726215]\n  [0.35502232 0.         0.17886786 0.46610982]]\n\n [[0.2689749  0.32542643 0.2824441  0.12315457]\n  [0.24882629 0.09389671 0.25352113 0.40375587]\n  [0.22363831 0.25164827 0.35337842 0.17133499]]]\n\n[0.25235603 0.19397572 0.21975092 0.33391732]\n"
     ]
    }
   ],
   "source": [
    "\n",
    "print(individuals[0].genes, end=\"\\n\"*2)\n",
    "genes = np.sum(individuals[0].genes, axis=(0,1))\n",
    "norm = np.sum(genes)\n",
    "norm_genes = np.divide(genes, norm)\n",
    "print(norm_genes)"
   ]
  },
  {
   "cell_type": "code",
   "execution_count": 91,
   "metadata": {},
   "outputs": [
    {
     "output_type": "stream",
     "name": "stdout",
     "text": [
      "[[[0.33793103 0.42758621 0.10344828 0.13103448]\n  [0.02884615 0.04807692 0.41346154 0.50961538]\n  [0.12612613 0.04504505 0.5045045  0.32432432]\n  [0.17985612 0.20863309 0.31294964 0.29856115]]\n\n [[0.26223776 0.23776224 0.32517483 0.17482517]\n  [0.07909605 0.14124294 0.49717514 0.28248588]\n  [0.29083665 0.09561753 0.36653386 0.24701195]\n  [0.20422535 0.44366197 0.28873239 0.06338028]]\n\n [[0.51075269 0.01075269 0.28494624 0.19354839]\n  [0.20408163 0.33673469 0.20748299 0.25170068]\n  [0.30970149 0.24626866 0.09328358 0.35074627]\n  [0.12682927 0.13658537 0.3902439  0.34634146]]]\n[[0.67275943 0.72934127 1.33436396 1.26353534]\n [0.83639581 0.91828468 1.47761623 0.76770328]\n [1.15136508 0.7303414  0.97595671 1.1423368 ]]\n[[4.]\n [4.]\n [4.]]\n\n[[0.16818986 0.18233532 0.33359099 0.31588384]\n [0.20909895 0.22957117 0.36940406 0.19192582]\n [0.28784127 0.18258535 0.24398918 0.2855842 ]]\n"
     ]
    }
   ],
   "source": [
    "\n",
    "print(individuals[0].genes)\n",
    "genes = np.sum(individuals[0].genes, axis=(1))\n",
    "print(genes)\n",
    "norm = np.sum(genes, axis=1, keepdims=True)\n",
    "print(norm)\n",
    "norm_genes = np.divide(genes, norm)\n",
    "print(norm_genes)"
   ]
  },
  {
   "cell_type": "code",
   "execution_count": null,
   "metadata": {},
   "outputs": [],
   "source": []
  }
 ]
}