{
 "metadata": {
  "language_info": {
   "codemirror_mode": {
    "name": "ipython",
    "version": 3
   },
   "file_extension": ".py",
   "mimetype": "text/x-python",
   "name": "python",
   "nbconvert_exporter": "python",
   "pygments_lexer": "ipython3",
   "version": "3.8.0"
  },
  "orig_nbformat": 2,
  "kernelspec": {
   "name": "python380jvsc74a57bd0612cff4a0ac5e6c37db1b07ee7abafa0758340b75711202652ee82ea5fa6d12e",
   "display_name": "Python 3.8.0 64-bit ('epidemics': conda)"
  }
 },
 "nbformat": 4,
 "nbformat_minor": 2,
 "cells": [
  {
   "cell_type": "code",
   "execution_count": 2,
   "metadata": {},
   "outputs": [],
   "source": [
    "sys.path.append(\"..\")\n",
    "import os\n",
    "import utils\n",
    "import numpy as np\n",
    "import pandas as pd"
   ]
  },
  {
   "cell_type": "code",
   "execution_count": 66,
   "metadata": {},
   "outputs": [],
   "source": [
    "def read_all_results(dir_path):\n",
    "    paths = os.listdir(dir_path)\n",
    "    try: paths.remove('archive') \n",
    "    except: pass\n",
    "    print(paths);print()\n",
    "    for i in range(len(paths)):\n",
    "        print(paths[i])\n",
    "        path = dir_path + paths[i]\n",
    "        gen = 0\n",
    "        individuals_path =  f\"{path}/individuals/individuals_{gen}.pkl\"\n",
    "        score_path       =  f\"{path}/final_scores/final_score_{gen}.pkl\"\n",
    "        overview_path    =  f\"{path}/generation_overview.csv\"\n",
    "\n",
    "        final_score = utils.read_pickle(score_path)\n",
    "        individuals = utils.read_pickle(individuals_path)\n",
    "        overview = pd.read_csv(overview_path)\n",
    "        print(overview.sort_values('mean_score').head())"
   ]
  },
  {
   "cell_type": "code",
   "execution_count": 67,
   "metadata": {},
   "outputs": [
    {
     "output_type": "stream",
     "name": "stdout",
     "text": [
      "['GA_2021_05_10_224057', 'GA_2021_05_10_13:48:00', 'GA_2021_05_10_13:47:48', 'GA_2021_05_10_224114', 'GA_2021_05_10_13:47:08', 'GA_2021_05_10_224011', 'GA_2021_05_10_224044', 'GA_2021_05_10_224026', 'GA_2021_05_10_13:46:17', 'GA_2021_05_10_13:46:34']\n\nGA_2021_05_10_224057\n     generation  individual    mean_score\n345          10   gen_0_022  43479.866667\n346          10   gen_7_005  43650.733333\n347          10  gen_10_001  43833.866667\n348          10   gen_0_005  43836.833333\n349          10   gen_3_001  43836.833333\nGA_2021_05_10_13:48:00\n     generation individual   mean_score\n161           7  gen_7_004  7037.229110\n162           7  gen_6_002  7037.346879\n163           7  gen_5_002  7041.395323\n164           7  gen_4_005  7047.574008\n165           7  gen_2_003  7048.257906\nGA_2021_05_10_13:47:48\n    generation individual    mean_score\n86           4  gen_4_003  47555.186667\n87           4  gen_2_005  47580.706667\n88           4  gen_3_004  47620.386667\n89           4  gen_0_010  47642.920000\n90           4  gen_1_002  47704.320000\nGA_2021_05_10_224114\n     generation individual   mean_score\n268           8  gen_0_017  7726.075085\n269           8  gen_7_002  7738.195489\n270           8  gen_2_004  7739.606612\n271           8  gen_1_005  7742.333523\n272           8  gen_5_003  7750.332070\nGA_2021_05_10_13:47:08\n     generation individual    mean_score\n161           7  gen_6_001  49858.893333\n162           7  gen_7_004  49899.906667\n163           7  gen_4_005  49916.186667\n164           7  gen_5_005  49947.626667\n165           7  gen_1_001  49977.013333\nGA_2021_05_10_224011\n    generation individual    mean_score\n61           2  gen_0_005  46604.053333\n62           2  gen_0_021  46709.920000\n63           2  gen_2_002  46719.920000\n64           2  gen_1_002  46721.533333\n65           2  gen_0_024  46723.373333\nGA_2021_05_10_224044\n     generation individual   mean_score\n126           4  gen_0_016  3230.839609\n127           4  gen_4_003  3241.485608\n128           4  gen_3_005  3269.295838\n129           4  gen_0_007  3281.756216\n130           4  gen_0_025  3300.032463\nGA_2021_05_10_224026\n     generation individual   mean_score\n306           9  gen_3_004  5020.674296\n307           9  gen_2_002  5031.894529\n308           9  gen_5_004  5032.457484\n309           9  gen_0_003  5034.369821\n310           9  gen_8_004  5034.586259\nGA_2021_05_10_13:46:17\n    generation individual   mean_score\n63           3  gen_3_002  3753.841064\n64           3  gen_0_017  3757.940173\n65           3  gen_2_001  3764.756950\n66           3  gen_1_002  3788.888134\n67           3  gen_0_008  3797.830724\nGA_2021_05_10_13:46:34\n   generation individual   mean_score\n0           0  gen_0_008  6824.659490\n1           0  gen_0_020  6845.515231\n2           0  gen_0_006  6851.405192\n3           0  gen_0_003  6853.931753\n4           0  gen_0_019  6861.401539\n"
     ]
    }
   ],
   "source": [
    "dir_path = \"../results/\"\n",
    "read_all_results(dir_path)"
   ]
  },
  {
   "cell_type": "code",
   "execution_count": 83,
   "metadata": {},
   "outputs": [],
   "source": [
    "path = dir_path + 'GA_2021_05_10_224044'\n",
    "gen = 0\n",
    "\n",
    "individuals_path =  f\"{path}/individuals/individuals_{gen}.pkl\"\n",
    "score_path       =  f\"{path}/final_scores/final_score_{gen}.pkl\"\n",
    "overview_path    =  f\"{path}/generation_overview.csv\"\n",
    "\n",
    "final_score = utils.read_pickle(score_path)\n",
    "individuals = utils.read_pickle(individuals_path)\n",
    "overview = pd.read_csv(overview_path)"
   ]
  },
  {
   "cell_type": "code",
   "execution_count": 84,
   "metadata": {},
   "outputs": [
    {
     "output_type": "stream",
     "name": "stdout",
     "text": [
      "     generation individual   mean_score\n126           4  gen_0_016  3230.839609\n127           4  gen_4_003  3241.485608\n128           4  gen_3_005  3269.295838\n129           4  gen_0_007  3281.756216\n130           4  gen_0_025  3300.032463\n"
     ]
    }
   ],
   "source": [
    "print(overview.sort_values('mean_score').head())\n"
   ]
  },
  {
   "cell_type": "code",
   "execution_count": 85,
   "metadata": {
    "tags": []
   },
   "outputs": [
    {
     "output_type": "stream",
     "name": "stdout",
     "text": [
      "ID: gen_0_008\nScore: 3862.5981318452596\nStrategy count:\n    U    D    N\n1: 0    0    0    \n2: 0    29   0    \n3: 25   11   0    \n4: 4    0    0    \nGenes:\n[[[0.33793103 0.42758621 0.10344828 0.13103448]\n  [0.02884615 0.04807692 0.41346154 0.50961538]\n  [0.12612613 0.04504505 0.5045045  0.32432432]\n  [0.17985612 0.20863309 0.31294964 0.29856115]]\n\n [[0.26223776 0.23776224 0.32517483 0.17482517]\n  [0.07909605 0.14124294 0.49717514 0.28248588]\n  [0.29083665 0.09561753 0.36653386 0.24701195]\n  [0.20422535 0.44366197 0.28873239 0.06338028]]\n\n [[0.51075269 0.01075269 0.28494624 0.19354839]\n  [0.20408163 0.33673469 0.20748299 0.25170068]\n  [0.30970149 0.24626866 0.09328358 0.35074627]\n  [0.12682927 0.13658537 0.3902439  0.34634146]]]\n\nID: gen_0_012\nScore: 3900.225257130464\nStrategy count:\n    U    D    N\n1: 0    0    0    \n2: 0    29   0    \n3: 25   11   0    \n4: 4    0    0    \nGenes:\n[[[0.33220339 0.25423729 0.24745763 0.16610169]\n  [0.09444444 0.18333333 0.21111111 0.51111111]\n  [0.03211009 0.31192661 0.33944954 0.31651376]\n  [0.37759336 0.15767635 0.38174274 0.08298755]]\n\n [[0.17716535 0.22440945 0.21259843 0.38582677]\n  [0.41666667 0.31944444 0.15277778 0.11111111]\n  [0.36220472 0.19685039 0.17716535 0.26377953]\n  [0.11111111 0.11111111 0.67407407 0.1037037 ]]\n\n [[0.27862595 0.25572519 0.13358779 0.33206107]\n  [0.26428571 0.175      0.31428571 0.24642857]\n  [0.25572519 0.3740458  0.20229008 0.16793893]\n  [0.21306818 0.27556818 0.27840909 0.23295455]]]\n\nID: gen_0_004\nScore: 3921.4761471639413\nStrategy count:\n    U    D    N\n1: 0    0    0    \n2: 0    29   0    \n3: 25   11   0    \n4: 4    0    0    \nGenes:\n[[[0.38064516 0.27741935 0.23870968 0.10322581]\n  [0.28820961 0.10480349 0.23580786 0.37117904]\n  [0.42788462 0.28365385 0.14423077 0.14423077]\n  [0.4        0.125      0.18333333 0.29166667]]\n\n [[0.29665072 0.37799043 0.19617225 0.1291866 ]\n  [0.00904977 0.43891403 0.1040724  0.4479638 ]\n  [0.39726027 0.36073059 0.03652968 0.20547945]\n  [0.016      0.36       0.272      0.352     ]]\n\n [[0.13020833 0.29166667 0.22395833 0.35416667]\n  [0.22121212 0.25454545 0.28181818 0.24242424]\n  [0.278125   0.19375    0.29375    0.234375  ]\n  [0.04278075 0.28877005 0.36363636 0.30481283]]]\n\nID: gen_0_002\nScore: 3925.38889751454\nStrategy count:\n    U    D    N\n1: 0    0    0    \n2: 0    29   0    \n3: 25   11   0    \n4: 4    0    0    \nGenes:\n[[[0.41176471 0.1372549  0.1503268  0.30065359]\n  [0.215311   0.18181818 0.22009569 0.38277512]\n  [0.44642857 0.26785714 0.0297619  0.25595238]\n  [0.32217573 0.28870293 0.25523013 0.13389121]]\n\n [[0.39442231 0.10756972 0.30278884 0.19521912]\n  [0.44785276 0.01840491 0.19631902 0.33742331]\n  [0.3        0.18461538 0.32307692 0.19230769]\n  [0.31687243 0.3909465  0.10699588 0.18518519]]\n\n [[0.17582418 0.18681319 0.27472527 0.36263736]\n  [0.14790997 0.31189711 0.29903537 0.24115756]\n  [0.         0.375      0.2875     0.3375    ]\n  [0.2        0.16666667 0.56       0.07333333]]]\n\nID: gen_0_016\nScore: 3930.624729057907\nStrategy count:\n    U    D    N\n1: 0    0    0    \n2: 0    29   0    \n3: 25   11   0    \n4: 4    0    0    \nGenes:\n[[[0.37368421 0.14210526 0.37894737 0.10526316]\n  [0.09128631 0.17012448 0.37759336 0.36099585]\n  [0.20394737 0.05263158 0.16447368 0.57894737]\n  [0.26956522 0.39130435 0.16521739 0.17391304]]\n\n [[0.27531646 0.28481013 0.24683544 0.19303797]\n  [0.56164384 0.09589041 0.19178082 0.15068493]\n  [0.05045872 0.13302752 0.38990826 0.4266055 ]\n  [0.1752988  0.11952191 0.3625498  0.34262948]]\n\n [[0.00724638 0.3115942  0.13043478 0.55072464]\n  [0.56962025 0.2721519  0.0443038  0.11392405]\n  [0.183391   0.26989619 0.24567474 0.30103806]\n  [0.57668712 0.06748466 0.11042945 0.24539877]]]\n\nID: gen_0_018\nScore: 3937.2791134263866\nStrategy count:\n    U    D    N\n1: 0    0    0    \n2: 0    29   0    \n3: 25   11   0    \n4: 4    0    0    \nGenes:\n[[[0.41891892 0.02702703 0.28378378 0.27027027]\n  [0.30681818 0.07954545 0.27272727 0.34090909]\n  [0.17410714 0.43303571 0.25446429 0.13839286]\n  [0.33482143 0.14732143 0.33928571 0.17857143]]\n\n [[0.28571429 0.2955665  0.06403941 0.3546798 ]\n  [0.23976608 0.11695906 0.41520468 0.22807018]\n  [0.45901639 0.07103825 0.44808743 0.02185792]\n  [0.47340426 0.05851064 0.12765957 0.34042553]]\n\n [[0.24545455 0.16363636 0.21363636 0.37727273]\n  [0.3649635  0.02189781 0.27737226 0.33576642]\n  [0.34408602 0.07526882 0.48387097 0.09677419]\n  [0.21649485 0.17869416 0.32302405 0.28178694]]]\n\nID: gen_0_017\nScore: 3937.6967248101296\nStrategy count:\n    U    D    N\n1: 0    0    0    \n2: 0    29   0    \n3: 25   11   0    \n4: 4    0    0    \nGenes:\n[[[0.57638889 0.         0.16666667 0.25694444]\n  [0.16083916 0.24475524 0.14685315 0.44755245]\n  [0.21912351 0.19920319 0.2310757  0.35059761]\n  [0.07042254 0.16901408 0.55633803 0.20422535]]\n\n [[0.375      0.32142857 0.17261905 0.13095238]\n  [0.0887574  0.49704142 0.39053254 0.02366864]\n  [0.38157895 0.26973684 0.09210526 0.25657895]\n  [0.44230769 0.40384615 0.         0.15384615]]\n\n [[0.3755102  0.19591837 0.24897959 0.17959184]\n  [0.21161826 0.25311203 0.41078838 0.12448133]\n  [0.15322581 0.05645161 0.         0.79032258]\n  [0.25157233 0.10062893 0.10691824 0.5408805 ]]]\n\nID: gen_0_009\nScore: 3941.898461385614\nStrategy count:\n    U    D    N\n1: 0    0    0    \n2: 0    29   0    \n3: 25   11   0    \n4: 4    0    0    \nGenes:\n[[[0.16129032 0.31612903 0.28064516 0.24193548]\n  [0.32291667 0.1875     0.125      0.36458333]\n  [0.38916256 0.01970443 0.25123153 0.33990148]\n  [0.29022082 0.28391167 0.13249211 0.29337539]]\n\n [[0.10429448 0.26380368 0.55214724 0.0797546 ]\n  [0.02531646 0.44303797 0.32278481 0.20886076]\n  [0.09375    0.43229167 0.45833333 0.015625  ]\n  [0.13605442 0.02040816 0.56462585 0.27891156]]\n\n [[0.11520737 0.32258065 0.21658986 0.34562212]\n  [0.27388535 0.0955414  0.38853503 0.24203822]\n  [0.18875502 0.34939759 0.17670683 0.28514056]\n  [0.25520833 0.42708333 0.046875   0.27083333]]]\n\nID: gen_0_003\nScore: 3948.93779344241\nStrategy count:\n    U    D    N\n1: 0    0    0    \n2: 0    29   0    \n3: 25   11   0    \n4: 4    0    0    \nGenes:\n[[[0.31081081 0.36036036 0.21621622 0.11261261]\n  [0.32286996 0.01793722 0.37668161 0.28251121]\n  [0.12328767 0.02739726 0.6369863  0.21232877]\n  [0.70212766 0.12056738 0.12056738 0.05673759]]\n\n [[0.26213592 0.39320388 0.25728155 0.08737864]\n  [0.26728111 0.31336406 0.21198157 0.20737327]\n  [0.20639535 0.22965116 0.28488372 0.27906977]\n  [0.27702703 0.16891892 0.30405405 0.25      ]]\n\n [[0.21111111 0.50555556 0.22222222 0.06111111]\n  [0.31140351 0.26315789 0.31140351 0.11403509]\n  [0.43523316 0.15025907 0.25906736 0.15544041]\n  [0.375      0.29545455 0.10227273 0.22727273]]]\n\nID: gen_0_015\nScore: 3973.9438848637888\nStrategy count:\n    U    D    N\n1: 0    0    0    \n2: 0    29   0    \n3: 25   11   0    \n4: 4    0    0    \nGenes:\n[[[0.21925134 0.27272727 0.42245989 0.0855615 ]\n  [0.42922374 0.05479452 0.26027397 0.25570776]\n  [0.27433628 0.31858407 0.27433628 0.13274336]\n  [0.18888889 0.46666667 0.33333333 0.01111111]]\n\n [[0.048583   0.33198381 0.40080972 0.21862348]\n  [0.21533923 0.28613569 0.21828909 0.28023599]\n  [0.13017751 0.15976331 0.15976331 0.55029586]\n  [0.30859375 0.203125   0.22265625 0.265625  ]]\n\n [[0.20212766 0.08510638 0.45212766 0.2606383 ]\n  [0.4625     0.1        0.2625     0.175     ]\n  [0.06451613 0.33640553 0.16129032 0.43778802]\n  [0.4109589  0.19634703 0.         0.39269406]]]\n\nID: gen_0_020\nScore: 3975.9227051246667\nStrategy count:\n    U    D    N\n1: 0    0    0    \n2: 0    29   0    \n3: 25   11   0    \n4: 4    0    0    \nGenes:\n[[[0.3964497  0.04142012 0.16568047 0.3964497 ]\n  [0.09230769 0.27692308 0.27692308 0.35384615]\n  [0.14880952 0.18452381 0.54761905 0.11904762]\n  [0.06842105 0.27894737 0.50526316 0.14736842]]\n\n [[0.12389381 0.68141593 0.12389381 0.07079646]\n  [0.13888889 0.25396825 0.23412698 0.37301587]\n  [0.5        0.37323944 0.02816901 0.09859155]\n  [0.2706422  0.09174312 0.35779817 0.27981651]]\n\n [[0.05527638 0.32160804 0.22613065 0.39698492]\n  [0.23026316 0.16447368 0.32236842 0.28289474]\n  [0.57471264 0.01149425 0.27586207 0.13793103]\n  [0.4047619  0.38095238 0.17857143 0.03571429]]]\n\nID: gen_0_030\nScore: 3988.3753270320885\nStrategy count:\n    U    D    N\n1: 0    0    0    \n2: 0    29   0    \n3: 25   11   0    \n4: 4    0    0    \nGenes:\n[[[0.18877551 0.2755102  0.46938776 0.06632653]\n  [0.18014706 0.21323529 0.27205882 0.33455882]\n  [0.33969466 0.25572519 0.30152672 0.10305344]\n  [0.47770701 0.37579618 0.04458599 0.10191083]]\n\n [[0.35121951 0.44390244 0.20487805 0.        ]\n  [0.30218069 0.23364486 0.24610592 0.21806854]\n  [0.23630137 0.13356164 0.30479452 0.32534247]\n  [0.20304569 0.09137056 0.41624365 0.2893401 ]]\n\n [[0.24166667 0.2375     0.39583333 0.125     ]\n  [0.27272727 0.31818182 0.15340909 0.25568182]\n  [0.02013423 0.34899329 0.55704698 0.0738255 ]\n  [0.21561338 0.133829   0.34200743 0.30855019]]]\n\nID: gen_0_005\nScore: 3990.118941435101\nStrategy count:\n    U    D    N\n1: 0    0    0    \n2: 0    29   0    \n3: 25   11   0    \n4: 4    0    0    \nGenes:\n[[[0.13333333 0.07407407 0.23703704 0.55555556]\n  [0.37164751 0.29501916 0.02681992 0.30651341]\n  [0.32       0.28727273 0.10909091 0.28363636]\n  [0.38421053 0.36315789 0.23684211 0.01578947]]\n\n [[0.20851064 0.33617021 0.06808511 0.38723404]\n  [0.08482143 0.13392857 0.39285714 0.38839286]\n  [0.15730337 0.3258427  0.21910112 0.29775281]\n  [0.15846995 0.32240437 0.         0.51912568]]\n\n [[0.07894737 0.40789474 0.08333333 0.42982456]\n  [0.48951049 0.15384615 0.0979021  0.25874126]\n  [0.4        0.05909091 0.19090909 0.35      ]\n  [0.12612613 0.14864865 0.42792793 0.2972973 ]]]\n\nID: gen_0_013\nScore: 3993.7000176575216\nStrategy count:\n    U    D    N\n1: 0    0    0    \n2: 0    29   0    \n3: 25   11   0    \n4: 4    0    0    \nGenes:\n[[[0.2038835  0.17475728 0.37378641 0.24757282]\n  [0.22368421 0.33333333 0.03070175 0.4122807 ]\n  [0.09230769 0.32820513 0.31794872 0.26153846]\n  [0.20408163 0.33061224 0.3877551  0.07755102]]\n\n [[0.         0.2259887  0.24293785 0.53107345]\n  [0.06451613 0.86021505 0.05376344 0.02150538]\n  [0.06074766 0.44859813 0.02803738 0.46261682]\n  [0.31730769 0.18269231 0.46634615 0.03365385]]\n\n [[0.32768362 0.03954802 0.41242938 0.22033898]\n  [0.         0.31724138 0.44827586 0.23448276]\n  [0.11578947 0.37368421 0.28421053 0.22631579]\n  [0.29302326 0.12093023 0.13488372 0.45116279]]]\n\nID: gen_0_006\nScore: 4004.9449526678477\nStrategy count:\n    U    D    N\n1: 0    0    0    \n2: 0    29   0    \n3: 25   11   0    \n4: 4    0    0    \nGenes:\n[[[0.3677686  0.2892562  0.10330579 0.23966942]\n  [0.17406143 0.30716724 0.20477816 0.31399317]\n  [0.09411765 0.63529412 0.18823529 0.08235294]\n  [0.09448819 0.1023622  0.74015748 0.06299213]]\n\n [[0.11538462 0.02564103 0.53846154 0.32051282]\n  [0.05990783 0.38248848 0.11059908 0.44700461]\n  [0.22051282 0.16410256 0.47179487 0.14358974]\n  [0.02840909 0.43181818 0.46590909 0.07386364]]\n\n [[0.36199095 0.06334842 0.18552036 0.38914027]\n  [0.16595745 0.24255319 0.36170213 0.22978723]\n  [0.02521008 0.31092437 0.64705882 0.01680672]\n  [0.18791946 0.04026846 0.19463087 0.57718121]]]\n\nID: gen_0_025\nScore: 4006.5545755650674\nStrategy count:\n    U    D    N\n1: 0    0    0    \n2: 0    29   0    \n3: 25   11   0    \n4: 4    0    0    \nGenes:\n[[[0.34741784 0.33802817 0.13615023 0.17840376]\n  [0.16776316 0.25657895 0.31907895 0.25657895]\n  [0.23267327 0.09405941 0.24257426 0.43069307]\n  [0.15       0.675      0.0125     0.1625    ]]\n\n [[0.04545455 0.40909091 0.28282828 0.26262626]\n  [0.36363636 0.3553719  0.03719008 0.24380165]\n  [0.06896552 0.08045977 0.4137931  0.43678161]\n  [0.36470588 0.31176471 0.07647059 0.24705882]]\n\n [[0.31620553 0.11857708 0.18972332 0.37549407]\n  [0.28787879 0.27651515 0.12121212 0.31439394]\n  [0.31512605 0.27731092 0.16806723 0.2394958 ]\n  [0.28514056 0.19678715 0.2811245  0.23694779]]]\n\nID: gen_0_023\nScore: 4029.900162751478\nStrategy count:\n    U    D    N\n1: 0    0    0    \n2: 0    29   0    \n3: 25   11   0    \n4: 4    0    0    \nGenes:\n[[[0.26666667 0.2974359  0.2        0.23589744]\n  [0.26027397 0.32876712 0.15753425 0.25342466]\n  [0.31501832 0.33333333 0.07326007 0.27838828]\n  [0.33461538 0.23461538 0.21153846 0.21923077]]\n\n [[0.26829268 0.33739837 0.16260163 0.23170732]\n  [0.42857143 0.05590062 0.16770186 0.34782609]\n  [0.22926829 0.27317073 0.46829268 0.02926829]\n  [0.44354839 0.15322581 0.19354839 0.20967742]]\n\n [[0.42079208 0.05940594 0.45049505 0.06930693]\n  [0.06741573 0.01123596 0.54494382 0.37640449]\n  [0.14166667 0.23333333 0.01666667 0.60833333]\n  [0.3125     0.25625    0.3125     0.11875   ]]]\n\nID: gen_0_014\nScore: 4057.3384364853396\nStrategy count:\n    U    D    N\n1: 0    0    0    \n2: 0    29   0    \n3: 25   11   0    \n4: 4    0    0    \nGenes:\n[[[0.17209302 0.15813953 0.44651163 0.22325581]\n  [0.33333333 0.31914894 0.10283688 0.24468085]\n  [0.00460829 0.21658986 0.40552995 0.37327189]\n  [0.30046948 0.3943662  0.16431925 0.14084507]]\n\n [[0.11278195 0.56390977 0.13533835 0.18796992]\n  [0.02312139 0.53757225 0.30635838 0.13294798]\n  [0.38392857 0.13392857 0.21428571 0.26785714]\n  [0.         0.05882353 0.55294118 0.38823529]]\n\n [[0.48603352 0.36312849 0.09497207 0.05586592]\n  [0.08264463 0.18181818 0.45454545 0.28099174]\n  [0.33944954 0.36238532 0.03211009 0.26605505]\n  [0.25125628 0.15075377 0.33165829 0.26633166]]]\n\nID: gen_0_022\nScore: 4065.087510862021\nStrategy count:\n    U    D    N\n1: 0    0    0    \n2: 0    29   0    \n3: 25   11   0    \n4: 4    0    0    \nGenes:\n[[[0.06550218 0.15720524 0.38427948 0.3930131 ]\n  [0.31290323 0.20967742 0.26129032 0.21612903]\n  [0.08280255 0.12101911 0.63057325 0.1656051 ]\n  [0.36585366 0.17560976 0.08292683 0.37560976]]\n\n [[0.03472222 0.20138889 0.47916667 0.28472222]\n  [0.40116279 0.48837209 0.03488372 0.0755814 ]\n  [0.25       0.32394366 0.18661972 0.23943662]\n  [0.1        0.2        0.6        0.1       ]]\n\n [[0.13372093 0.49418605 0.01744186 0.35465116]\n  [0.54285714 0.07428571 0.05714286 0.32571429]\n  [0.22040816 0.35510204 0.28163265 0.14285714]\n  [0.26315789 0.07017544 0.31578947 0.35087719]]]\n\nID: gen_0_007\nScore: 4079.1817673427186\nStrategy count:\n    U    D    N\n1: 0    0    0    \n2: 0    29   0    \n3: 25   11   0    \n4: 4    0    0    \nGenes:\n[[[0.12359551 0.19101124 0.37640449 0.30898876]\n  [0.0921659  0.42857143 0.26728111 0.21198157]\n  [0.37398374 0.00813008 0.24796748 0.3699187 ]\n  [0.00469484 0.11737089 0.4600939  0.41784038]]\n\n [[0.28571429 0.24867725 0.31746032 0.14814815]\n  [0.2605042  0.34033613 0.28571429 0.11344538]\n  [0.26553672 0.15819209 0.19774011 0.37853107]\n  [0.21857923 0.43169399 0.09836066 0.25136612]]\n\n [[0.35784314 0.47058824 0.09313725 0.07843137]\n  [0.21487603 0.21900826 0.33471074 0.23140496]\n  [0.51351351 0.24324324 0.17567568 0.06756757]\n  [0.23873874 0.37387387 0.17117117 0.21621622]]]\n\nID: gen_0_010\nScore: 4081.247976045251\nStrategy count:\n    U    D    N\n1: 0    0    0    \n2: 0    29   0    \n3: 25   11   0    \n4: 4    0    0    \nGenes:\n[[[0.342723   0.08920188 0.20187793 0.36619718]\n  [0.05179283 0.39043825 0.37051793 0.187251  ]\n  [0.07746479 0.28873239 0.32746479 0.30633803]\n  [0.28746177 0.25993884 0.30275229 0.14984709]]\n\n [[0.32061069 0.32824427 0.22137405 0.12977099]\n  [0.21885522 0.30976431 0.26936027 0.2020202 ]\n  [0.3220339  0.39830508 0.04237288 0.23728814]\n  [0.32720588 0.36397059 0.01838235 0.29044118]]\n\n [[0.53797468 0.43670886 0.02531646 0.        ]\n  [0.04624277 0.24277457 0.41618497 0.29479769]\n  [0.14857143 0.18857143 0.46285714 0.2       ]\n  [0.25       0.29545455 0.21212121 0.24242424]]]\n\nID: gen_0_028\nScore: 4112.891298790158\nStrategy count:\n    U    D    N\n1: 0    0    0    \n2: 0    29   0    \n3: 25   11   0    \n4: 4    0    0    \nGenes:\n[[[0.12669683 0.1040724  0.38461538 0.38461538]\n  [0.38306452 0.27016129 0.20564516 0.14112903]\n  [0.15789474 0.28744939 0.18623482 0.36842105]\n  [0.22068966 0.06206897 0.57241379 0.14482759]]\n\n [[0.42657343 0.28671329 0.25174825 0.03496503]\n  [0.28244275 0.30152672 0.29389313 0.1221374 ]\n  [0.06547619 0.11904762 0.41071429 0.4047619 ]\n  [0.03553299 0.23857868 0.24365482 0.4822335 ]]\n\n [[0.30150754 0.21105528 0.31155779 0.1758794 ]\n  [0.32692308 0.25480769 0.22596154 0.19230769]\n  [0.31730769 0.33653846 0.18269231 0.16346154]\n  [0.10328638 0.4600939  0.1314554  0.30516432]]]\n\nID: gen_0_027\nScore: 4125.16851669568\nStrategy count:\n    U    D    N\n1: 0    0    0    \n2: 0    29   0    \n3: 25   11   0    \n4: 4    0    0    \nGenes:\n[[[0.23383085 0.13432836 0.48258706 0.14925373]\n  [0.18018018 0.54954955 0.08108108 0.18918919]\n  [0.20143885 0.32014388 0.15827338 0.32014388]\n  [0.32244898 0.40408163 0.09387755 0.17959184]]\n\n [[0.392      0.132      0.28       0.196     ]\n  [0.406639   0.22821577 0.0373444  0.32780083]\n  [0.50595238 0.0297619  0.30357143 0.16071429]\n  [0.0375     0.6375     0.2125     0.1125    ]]\n\n [[0.075      0.49166667 0.4        0.03333333]\n  [0.17412935 0.34328358 0.03482587 0.44776119]\n  [0.08717949 0.19487179 0.32307692 0.39487179]\n  [0.18471338 0.2611465  0.1910828  0.36305732]]]\n\nID: gen_0_029\nScore: 4133.547477891176\nStrategy count:\n    U    D    N\n1: 0    0    0    \n2: 0    29   0    \n3: 25   11   0    \n4: 4    0    0    \nGenes:\n[[[0.13636364 0.22077922 0.42207792 0.22077922]\n  [0.33191489 0.30638298 0.27234043 0.0893617 ]\n  [0.34636872 0.11173184 0.19553073 0.34636872]\n  [0.18376068 0.08974359 0.34188034 0.38461538]]\n\n [[0.38613861 0.23762376 0.20792079 0.16831683]\n  [0.41552511 0.15981735 0.13242009 0.29223744]\n  [0.28712871 0.27227723 0.37623762 0.06435644]\n  [0.525      0.05       0.06875    0.35625   ]]\n\n [[0.19860627 0.31358885 0.16376307 0.32404181]\n  [0.14903846 0.41346154 0.02403846 0.41346154]\n  [0.06145251 0.35195531 0.22346369 0.36312849]\n  [0.28787879 0.19191919 0.23737374 0.28282828]]]\n\nID: gen_0_026\nScore: 4138.82451736924\nStrategy count:\n    U    D    N\n1: 0    0    0    \n2: 0    29   0    \n3: 25   11   0    \n4: 4    0    0    \nGenes:\n[[[0.39837398 0.34146341 0.06504065 0.19512195]\n  [0.18326693 0.37848606 0.36653386 0.07171315]\n  [0.07692308 0.27692308 0.38461538 0.26153846]\n  [0.18957346 0.10900474 0.43601896 0.26540284]]\n\n [[0.28813559 0.29491525 0.10169492 0.31525424]\n  [0.25       0.26515152 0.02272727 0.46212121]\n  [0.21641791 0.27238806 0.35820896 0.15298507]\n  [0.05844156 0.25324675 0.26623377 0.42207792]]\n\n [[0.2173913  0.24782609 0.20434783 0.33043478]\n  [0.29184549 0.21030043 0.13733906 0.36051502]\n  [0.2384106  0.37748344 0.34437086 0.0397351 ]\n  [0.24025974 0.09090909 0.04545455 0.62337662]]]\n\nID: gen_0_024\nScore: 4140.093039102456\nStrategy count:\n    U    D    N\n1: 0    0    0    \n2: 0    29   0    \n3: 25   11   0    \n4: 4    0    0    \nGenes:\n[[[0.50617284 0.30864198 0.16049383 0.02469136]\n  [0.38150289 0.26011561 0.2716763  0.0867052 ]\n  [0.26938776 0.24897959 0.09795918 0.38367347]\n  [0.35146444 0.09623431 0.25523013 0.29707113]]\n\n [[0.31906615 0.3307393  0.19455253 0.15564202]\n  [0.09550562 0.53932584 0.08426966 0.28089888]\n  [0.35955056 0.28464419 0.28838951 0.06741573]\n  [0.52631579 0.05263158 0.07017544 0.35087719]]\n\n [[0.07913669 0.09352518 0.57553957 0.25179856]\n  [0.1091954  0.18965517 0.25287356 0.44827586]\n  [0.24709302 0.25581395 0.26744186 0.22965116]\n  [0.19402985 0.37313433 0.32089552 0.1119403 ]]]\n\nID: gen_0_021\nScore: 4142.225270151012\nStrategy count:\n    U    D    N\n1: 0    0    0    \n2: 0    29   0    \n3: 25   11   0    \n4: 4    0    0    \nGenes:\n[[[0.49693252 0.27607362 0.11656442 0.11042945]\n  [0.40350877 0.29239766 0.14619883 0.15789474]\n  [0.31067961 0.0776699  0.54368932 0.06796117]\n  [0.26046512 0.28372093 0.39069767 0.06511628]]\n\n [[0.06225681 0.31906615 0.31128405 0.307393  ]\n  [0.1        0.60833333 0.16666667 0.125     ]\n  [0.20175439 0.40350877 0.03070175 0.36403509]\n  [0.44444444 0.4382716  0.08024691 0.03703704]]\n\n [[0.27011494 0.01149425 0.18390805 0.53448276]\n  [0.3875969  0.34108527 0.13178295 0.13953488]\n  [0.14705882 0.35294118 0.36764706 0.13235294]\n  [0.26037736 0.29811321 0.24150943 0.2       ]]]\n\nID: gen_0_011\nScore: 4147.391952126826\nStrategy count:\n    U    D    N\n1: 0    0    0    \n2: 0    29   0    \n3: 25   11   0    \n4: 4    0    0    \nGenes:\n[[[0.42931937 0.13612565 0.28272251 0.15183246]\n  [0.03045685 0.43147208 0.47715736 0.06091371]\n  [0.23706897 0.07327586 0.37068966 0.31896552]\n  [0.04385965 0.32017544 0.21491228 0.42105263]]\n\n [[0.32275132 0.05820106 0.17460317 0.44444444]\n  [0.06557377 0.40437158 0.20218579 0.32786885]\n  [0.21212121 0.02020202 0.61616162 0.15151515]\n  [0.26646707 0.23952096 0.26347305 0.23053892]]\n\n [[0.05113636 0.35795455 0.06818182 0.52272727]\n  [0.33215548 0.24734982 0.27915194 0.14134276]\n  [0.5106383  0.06382979 0.28191489 0.14361702]\n  [0.36507937 0.0952381  0.04761905 0.49206349]]]\n\nID: gen_0_019\nScore: 4167.553912208894\nStrategy count:\n    U    D    N\n1: 0    0    0    \n2: 0    29   0    \n3: 25   11   0    \n4: 4    0    0    \nGenes:\n[[[0.31818182 0.31818182 0.19318182 0.17045455]\n  [0.41004184 0.35564854 0.15481172 0.07949791]\n  [0.1375     0.32916667 0.22916667 0.30416667]\n  [0.1459854  0.16058394 0.00729927 0.68613139]]\n\n [[0.18807339 0.12844037 0.31192661 0.37155963]\n  [0.39779006 0.07734807 0.15469613 0.37016575]\n  [0.28571429 0.05357143 0.39285714 0.26785714]\n  [0.         0.48756219 0.1641791  0.34825871]]\n\n [[0.25751073 0.26180258 0.09012876 0.39055794]\n  [0.25806452 0.00806452 0.22580645 0.50806452]\n  [0.05691057 0.2195122  0.42276423 0.30081301]\n  [0.02666667 0.50666667 0.46       0.00666667]]]\n\nID: gen_0_001\nScore: 4205.544269684538\nStrategy count:\n    U    D    N\n1: 0    0    0    \n2: 0    29   0    \n3: 25   11   0    \n4: 4    0    0    \nGenes:\n[[[0.3952381  0.12857143 0.32857143 0.14761905]\n  [0.11504425 0.46017699 0.38938053 0.03539823]\n  [0.53508772 0.38596491 0.05263158 0.02631579]\n  [0.25649351 0.22727273 0.29545455 0.22077922]]\n\n [[0.37640449 0.10674157 0.21348315 0.30337079]\n  [0.10313901 0.3632287  0.13901345 0.39461883]\n  [0.11333333 0.02       0.37333333 0.49333333]\n  [0.26720648 0.15384615 0.3805668  0.19838057]]\n\n [[0.296875   0.34765625 0.13671875 0.21875   ]\n  [0.24038462 0.03846154 0.34615385 0.375     ]\n  [0.21717172 0.14141414 0.47474747 0.16666667]\n  [0.28027682 0.26297578 0.24913495 0.20761246]]]\n\n"
     ]
    }
   ],
   "source": [
    "for i in sorted(individuals, key=lambda x: x.mean_score):\n",
    "    print(f\"ID: {i.ID}\")\n",
    "    print(f\"Score: {i.mean_score}\")\n",
    "    print(\"Strategy count:\")\n",
    "    print(f\"{'U':>5}{'D':>5}{'N':>5}\")\n",
    "    for w in range(1,5):\n",
    "        print(f\"{w}: {i.strategy_count[gen]['U'][w]:<5}{i.strategy_count[gen]['D'][w]:<5}{i.strategy_count[gen]['N'][w]:<5}\")\n",
    "    print(f\"Genes:\\n{i.genes}\")\n",
    "    print()\n",
    "\n"
   ]
  },
  {
   "cell_type": "code",
   "execution_count": 86,
   "metadata": {},
   "outputs": [
    {
     "output_type": "stream",
     "name": "stdout",
     "text": [
      "[[[0.33793103 0.42758621 0.10344828 0.13103448]\n  [0.02884615 0.04807692 0.41346154 0.50961538]\n  [0.12612613 0.04504505 0.5045045  0.32432432]\n  [0.17985612 0.20863309 0.31294964 0.29856115]]\n\n [[0.26223776 0.23776224 0.32517483 0.17482517]\n  [0.07909605 0.14124294 0.49717514 0.28248588]\n  [0.29083665 0.09561753 0.36653386 0.24701195]\n  [0.20422535 0.44366197 0.28873239 0.06338028]]\n\n [[0.51075269 0.01075269 0.28494624 0.19354839]\n  [0.20408163 0.33673469 0.20748299 0.25170068]\n  [0.30970149 0.24626866 0.09328358 0.35074627]\n  [0.12682927 0.13658537 0.3902439  0.34634146]]]\n\n[0.22171003 0.19816395 0.31566141 0.26446462]\n"
     ]
    }
   ],
   "source": [
    "\n",
    "print(individuals[0].genes)\n",
    "genes = np.sum(individuals[0].genes, axis=(0,1))\n",
    "norm = np.sum(genes)\n",
    "norm_genes = np.divide(genes, norm)\n",
    "print()\n",
    "print(norm_genes)"
   ]
  },
  {
   "cell_type": "code",
   "execution_count": 91,
   "metadata": {},
   "outputs": [
    {
     "output_type": "stream",
     "name": "stdout",
     "text": [
      "[[[0.33793103 0.42758621 0.10344828 0.13103448]\n  [0.02884615 0.04807692 0.41346154 0.50961538]\n  [0.12612613 0.04504505 0.5045045  0.32432432]\n  [0.17985612 0.20863309 0.31294964 0.29856115]]\n\n [[0.26223776 0.23776224 0.32517483 0.17482517]\n  [0.07909605 0.14124294 0.49717514 0.28248588]\n  [0.29083665 0.09561753 0.36653386 0.24701195]\n  [0.20422535 0.44366197 0.28873239 0.06338028]]\n\n [[0.51075269 0.01075269 0.28494624 0.19354839]\n  [0.20408163 0.33673469 0.20748299 0.25170068]\n  [0.30970149 0.24626866 0.09328358 0.35074627]\n  [0.12682927 0.13658537 0.3902439  0.34634146]]]\n[[0.67275943 0.72934127 1.33436396 1.26353534]\n [0.83639581 0.91828468 1.47761623 0.76770328]\n [1.15136508 0.7303414  0.97595671 1.1423368 ]]\n[[4.]\n [4.]\n [4.]]\n\n[[0.16818986 0.18233532 0.33359099 0.31588384]\n [0.20909895 0.22957117 0.36940406 0.19192582]\n [0.28784127 0.18258535 0.24398918 0.2855842 ]]\n"
     ]
    }
   ],
   "source": [
    "\n",
    "print(individuals[0].genes)\n",
    "genes = np.sum(individuals[0].genes, axis=(1))\n",
    "print(genes)\n",
    "norm = np.sum(genes, axis=1, keepdims=True)\n",
    "print(norm)\n",
    "norm_genes = np.divide(genes, norm)\n",
    "print()\n",
    "print(norm_genes)"
   ]
  },
  {
   "cell_type": "code",
   "execution_count": null,
   "metadata": {},
   "outputs": [],
   "source": []
  }
 ]
}